conceptUri; http;//www.w3.org/2002/07/owl#Thing
label; thing
label vector; -0.047348 -1.014027 0.514869 1.130388 0.142662 0.506466 -1.945622 1.530055 2.656447 -1.222629 -1.729519 2.79593 -3.727716 3.159981 1.010293 -1.700412 -0.191283 1.52219 0.624633 3.590079 1.204666 0.67059 -0.529888 -1.505916 -0.910694 0.330587 -1.858858 -0.323829 0.887577 0.458281 -2.108194 -1.465754 2.093163 1.313722 0.205875 -1.316775 -0.811113 0.569672 0.250626 0.27322 1.063009 -0.379913 -1.027477 1.646204 -2.680784 0.28504 0.990561 0.674382 2.749649 0.461821 -2.360748 1.2272 1.271765 1.554664 0.604805 2.353327 1.809493 -4.771018 0.385202 -2.447604 1.471184 1.148392 1.236479 -4.089965 -3.129897 -1.748742 1.546396 -0.247496 1.143298 2.277526 1.264545 0.219108 0.480818 -0.924443 -0.572344 -0.602193 -0.182299 -2.768207 3.203166 -1.157302 -0.566129 -0.116169 0.779007 -1.835022 0.268851 0.095778 -0.800109 -0.587636 0.47282 -1.814535 0.19072 -0.725638 -0.241009 -0.999987 1.214572 3.209458 1.079998 -1.911745 1.021474 0.240525 -0.156056 -1.210011 -1.167851 -0.889593 -2.217554 -0.720719 -2.020675 1.11929 -1.571513 -0.982544 3.644545 0.481223 0.513339 -0.297018 2.318991 0.338543 2.972253 -3.398863 -1.541537 -2.19664 0.191344 0.400304 -1.543009 -1.218576 0.729574 -2.652012 -1.913029 1.47389 -1.140406 -1.338035 -0.300815 -0.73356 0.229859 0.176411 -0.569753 -0.715065 -1.043696 -4.086996 1.80993 -1.790038 -0.717522 -1.146631 3.448175 0.307987 2.467361 -0.606646 -0.16528 2.073573 -1.134237 0.133985 0.329502 1.138303 2.492315 -1.717888 -1.86537 -1.13161 0.275297 -2.566219 -3.521765 1.048584 -0.082303 0.184921 -0.587993 -0.413914 -2.39083 1.88536 -0.622334 0.500347 1.543248 0.479509 -2.745918 1.145988 1.030229 0.659188 -0.470437 -1.053556 1.223362 -0.765964 -1.117052 -1.008008 -1.24248 0.45691 -0.168474 -1.282296 1.758741 2.075817 -1.319067 -0.064701 -0.424518 0.917133 -0.841773 3.354622 0.516839 -5.476679 -0.822076 -3.783129 1.147431 -0.050859 -1.935003 0.62892 -1.902155 1.901128 -0.224413 -0.703775 0.235379 2.181571 0.94349 -1.136254 0.260784 1.880447 2.968378 0.462889 3.538838 -0.666509 0.492033 1.219132 2.567449 -0.492748 -0.421183 2.188566 -2.011374 -2.744116 -1.919912 -1.724054 2.090434 0.545984 0.477067 -3.396623 3.178092 0.669081 2.111985 0.810955 0.180516 -2.705482 -0.545651 -1.24184 -1.109906 -1.086408 2.286363 0.117907 0.383035 -0.445785 2.168663 -0.340213 0.660246 -2.564747 -0.673262 -0.11096 1.651644 -1.833092 1.193418 2.137237 -1.162377 -0.410448 2.546807 3.331316 0.894118 -0.036764 1.070931 -2.294622 0.103697 -2.454333 2.199459 -0.870527 -4.226407 1.613819 1.435587 -2.825499 1.511899 0.464806 2.044092 2.905491 -2.417529 1.690831 4.05636 1.958759 2.628442 -0.676104 -0.629751 1.730273 -0.121418 -1.452202 0.241728 -0.421456 -0.812822 -1.229819 -0.110472 -0.091115 2.950623 -2.75889 1.161101 -0.571719 0.015756 4.015121 -1.226714 -2.518299 -3.662027 -1.809045 0.275106 0.708785 
comment; null
comment vector; no vectors for these comment tokens
global vector; -0.047348 -1.014027 0.514869 1.130388 0.142662 0.506466 -1.945622 1.530055 2.656447 -1.222629 -1.729519 2.79593 -3.727716 3.159981 1.010293 -1.700412 -0.191283 1.52219 0.624633 3.590079 1.204666 0.67059 -0.529888 -1.505916 -0.910694 0.330587 -1.858858 -0.323829 0.887577 0.458281 -2.108194 -1.465754 2.093163 1.313722 0.205875 -1.316775 -0.811113 0.569672 0.250626 0.27322 1.063009 -0.379913 -1.027477 1.646204 -2.680784 0.28504 0.990561 0.674382 2.749649 0.461821 -2.360748 1.2272 1.271765 1.554664 0.604805 2.353327 1.809493 -4.771018 0.385202 -2.447604 1.471184 1.148392 1.236479 -4.089965 -3.129897 -1.748742 1.546396 -0.247496 1.143298 2.277526 1.264545 0.219108 0.480818 -0.924443 -0.572344 -0.602193 -0.182299 -2.768207 3.203166 -1.157302 -0.566129 -0.116169 0.779007 -1.835022 0.268851 0.095778 -0.800109 -0.587636 0.47282 -1.814535 0.19072 -0.725638 -0.241009 -0.999987 1.214572 3.209458 1.079998 -1.911745 1.021474 0.240525 -0.156056 -1.210011 -1.167851 -0.889593 -2.217554 -0.720719 -2.020675 1.11929 -1.571513 -0.982544 3.644545 0.481223 0.513339 -0.297018 2.318991 0.338543 2.972253 -3.398863 -1.541537 -2.19664 0.191344 0.400304 -1.543009 -1.218576 0.729574 -2.652012 -1.913029 1.47389 -1.140406 -1.338035 -0.300815 -0.73356 0.229859 0.176411 -0.569753 -0.715065 -1.043696 -4.086996 1.80993 -1.790038 -0.717522 -1.146631 3.448175 0.307987 2.467361 -0.606646 -0.16528 2.073573 -1.134237 0.133985 0.329502 1.138303 2.492315 -1.717888 -1.86537 -1.13161 0.275297 -2.566219 -3.521765 1.048584 -0.082303 0.184921 -0.587993 -0.413914 -2.39083 1.88536 -0.622334 0.500347 1.543248 0.479509 -2.745918 1.145988 1.030229 0.659188 -0.470437 -1.053556 1.223362 -0.765964 -1.117052 -1.008008 -1.24248 0.45691 -0.168474 -1.282296 1.758741 2.075817 -1.319067 -0.064701 -0.424518 0.917133 -0.841773 3.354622 0.516839 -5.476679 -0.822076 -3.783129 1.147431 -0.050859 -1.935003 0.62892 -1.902155 1.901128 -0.224413 -0.703775 0.235379 2.181571 0.94349 -1.136254 0.260784 1.880447 2.968378 0.462889 3.538838 -0.666509 0.492033 1.219132 2.567449 -0.492748 -0.421183 2.188566 -2.011374 -2.744116 -1.919912 -1.724054 2.090434 0.545984 0.477067 -3.396623 3.178092 0.669081 2.111985 0.810955 0.180516 -2.705482 -0.545651 -1.24184 -1.109906 -1.086408 2.286363 0.117907 0.383035 -0.445785 2.168663 -0.340213 0.660246 -2.564747 -0.673262 -0.11096 1.651644 -1.833092 1.193418 2.137237 -1.162377 -0.410448 2.546807 3.331316 0.894118 -0.036764 1.070931 -2.294622 0.103697 -2.454333 2.199459 -0.870527 -4.226407 1.613819 1.435587 -2.825499 1.511899 0.464806 2.044092 2.905491 -2.417529 1.690831 4.05636 1.958759 2.628442 -0.676104 -0.629751 1.730273 -0.121418 -1.452202 0.241728 -0.421456 -0.812822 -1.229819 -0.110472 -0.091115 2.950623 -2.75889 1.161101 -0.571719 0.015756 4.015121 -1.226714 -2.518299 -3.662027 -1.809045 0.275106 0.708785 


conceptUri; http;//ebiquity.umbc.edu/v2.1/ontology/publication.owl#SoftCopy
label; softcopy
label vector; 0.678119 0.662575 0.55188 0.494786 0.252016 0.169386 0.026454 0.253217 0.276285 0.316845 0.300921 0.30312 0.252954 0.212562 0.226177 0.202222 0.312038 0.306178 0.27653 0.272644 0.228014 0.156281 0.128102 0.120706 0.15474 0.1424 0.151956 0.132087 0.088695 0.071142 0.03046 0.022616 0.016141 0.005951 -0.005983 0.003527 -0.027424 -0.033891 -0.033974 -0.041057 -0.002851 0.009424 0.029529 0.04716 -0.023594 -0.020012 -0.033037 -0.03194 -0.02705 -0.051868 -0.06217 -0.033624 -0.006084 0.032691 0.027416 0.042309 0.034554 0.020166 0.027313 0.009689 0.022215 0.026599 0.019275 0.014458 0.025042 0.032049 0.069775 0.06512 0.06505 0.067312 0.060311 0.067837 0.055101 0.072507 0.068867 0.057599 0.035935 0.041341 0.025563 0.029264 0.05741 0.061489 0.060048 0.074641 0.087451 0.095729 0.098087 0.097991 0.105494 0.099789 0.110319 0.116651 0.109652 0.089424 0.08438 0.085933 0.079796 0.063194 0.065139 0.088333 0.098888 0.083071 0.077473 0.074702 0.069516 0.084889 0.075201 0.078083 0.076291 0.078555 0.069337 0.062895 0.041514 0.036035 0.04135 0.033093 0.033647 0.027433 0.02733 0.023556 0.030222 0.023599 0.017141 0.005175 0.005867 0.00826 0.010405 0.011755 0.014747 0.007166 0.004916 0.001168 -0.010909 -0.015494 -0.016577 -0.018258 -0.011935 -0.017339 -0.02729 -0.026776 -0.03191 -0.034231 -0.027193 -0.023957 -0.028604 -0.031999 -0.033725 -0.029506 -0.033839 -0.032146 -0.037085 -0.032919 -0.022412 -0.022998 -0.03478 -0.030666 -0.031549 -0.029933 -0.025224 -0.033773 -0.038643 -0.034845 -0.038683 -0.042988 -0.041277 -0.041057 -0.049845 -0.04229 -0.034405 -0.03495 -0.049372 -0.044405 -0.046539 -0.052487 -0.050189 -0.05267 -0.048489 -0.035225 -0.04182 -0.039315 -0.044776 -0.050576 -0.058188 -0.058851 -0.05478 -0.057075 -0.064409 -0.074279 -0.06826 -0.060342 -0.052975 -0.055836 -0.059662 -0.065721 -0.062207 -0.06308 -0.06611 -0.07216 -0.091956 -0.088331 -0.085502 -0.08244 -0.084525 -0.085331 -0.088852 -0.084711 -0.081549 -0.084667 -0.08017 -0.074797 -0.067962 -0.063362 -0.057319 -0.059539 -0.057114 -0.058432 -0.046666 -0.041992 -0.034509 -0.025748 -0.028707 -0.034052 -0.034189 -0.035181 -0.037999 -0.038175 -0.034909 -0.039369 -0.034212 -0.035211 -0.038615 -0.040991 -0.039487 -0.041321 -0.038901 -0.042069 -0.037408 -0.040367 -0.038553 -0.033556 -0.03585 -0.042468 -0.035996 -0.037375 -0.034813 -0.031159 -0.030205 -0.034968 -0.036135 -0.038877 -0.033574 -0.034652 -0.035758 -0.039252 -0.034954 -0.036732 -0.030391 -0.022975 -0.0198 -0.024819 -0.016596 -0.020532 -0.011814 -0.015983 -0.011357 -0.015829 -0.012636 -0.01495 -0.015467 -0.009846 -0.015845 -0.008761 -0.005459 -0.00456 -3.96E-4 -0.003339 8.14E-4 0.002805 0.003513 0.005076 0.007516 0.005956 0.00482 -3.25E-4 -0.001281 -0.001444 6.03E-4 4.0E-5 0.004024 0.002715 0.006743 0.00663 0.005201 0.009004 0.012858 0.012747 0.013297 0.018209 0.01781 0.01836 
comment; null
comment vector; no vectors for these comment tokens
global vector; 0.678119 0.662575 0.55188 0.494786 0.252016 0.169386 0.026454 0.253217 0.276285 0.316845 0.300921 0.30312 0.252954 0.212562 0.226177 0.202222 0.312038 0.306178 0.27653 0.272644 0.228014 0.156281 0.128102 0.120706 0.15474 0.1424 0.151956 0.132087 0.088695 0.071142 0.03046 0.022616 0.016141 0.005951 -0.005983 0.003527 -0.027424 -0.033891 -0.033974 -0.041057 -0.002851 0.009424 0.029529 0.04716 -0.023594 -0.020012 -0.033037 -0.03194 -0.02705 -0.051868 -0.06217 -0.033624 -0.006084 0.032691 0.027416 0.042309 0.034554 0.020166 0.027313 0.009689 0.022215 0.026599 0.019275 0.014458 0.025042 0.032049 0.069775 0.06512 0.06505 0.067312 0.060311 0.067837 0.055101 0.072507 0.068867 0.057599 0.035935 0.041341 0.025563 0.029264 0.05741 0.061489 0.060048 0.074641 0.087451 0.095729 0.098087 0.097991 0.105494 0.099789 0.110319 0.116651 0.109652 0.089424 0.08438 0.085933 0.079796 0.063194 0.065139 0.088333 0.098888 0.083071 0.077473 0.074702 0.069516 0.084889 0.075201 0.078083 0.076291 0.078555 0.069337 0.062895 0.041514 0.036035 0.04135 0.033093 0.033647 0.027433 0.02733 0.023556 0.030222 0.023599 0.017141 0.005175 0.005867 0.00826 0.010405 0.011755 0.014747 0.007166 0.004916 0.001168 -0.010909 -0.015494 -0.016577 -0.018258 -0.011935 -0.017339 -0.02729 -0.026776 -0.03191 -0.034231 -0.027193 -0.023957 -0.028604 -0.031999 -0.033725 -0.029506 -0.033839 -0.032146 -0.037085 -0.032919 -0.022412 -0.022998 -0.03478 -0.030666 -0.031549 -0.029933 -0.025224 -0.033773 -0.038643 -0.034845 -0.038683 -0.042988 -0.041277 -0.041057 -0.049845 -0.04229 -0.034405 -0.03495 -0.049372 -0.044405 -0.046539 -0.052487 -0.050189 -0.05267 -0.048489 -0.035225 -0.04182 -0.039315 -0.044776 -0.050576 -0.058188 -0.058851 -0.05478 -0.057075 -0.064409 -0.074279 -0.06826 -0.060342 -0.052975 -0.055836 -0.059662 -0.065721 -0.062207 -0.06308 -0.06611 -0.07216 -0.091956 -0.088331 -0.085502 -0.08244 -0.084525 -0.085331 -0.088852 -0.084711 -0.081549 -0.084667 -0.08017 -0.074797 -0.067962 -0.063362 -0.057319 -0.059539 -0.057114 -0.058432 -0.046666 -0.041992 -0.034509 -0.025748 -0.028707 -0.034052 -0.034189 -0.035181 -0.037999 -0.038175 -0.034909 -0.039369 -0.034212 -0.035211 -0.038615 -0.040991 -0.039487 -0.041321 -0.038901 -0.042069 -0.037408 -0.040367 -0.038553 -0.033556 -0.03585 -0.042468 -0.035996 -0.037375 -0.034813 -0.031159 -0.030205 -0.034968 -0.036135 -0.038877 -0.033574 -0.034652 -0.035758 -0.039252 -0.034954 -0.036732 -0.030391 -0.022975 -0.0198 -0.024819 -0.016596 -0.020532 -0.011814 -0.015983 -0.011357 -0.015829 -0.012636 -0.01495 -0.015467 -0.009846 -0.015845 -0.008761 -0.005459 -0.00456 -3.96E-4 -0.003339 8.14E-4 0.002805 0.003513 0.005076 0.007516 0.005956 0.00482 -3.25E-4 -0.001281 -0.001444 6.03E-4 4.0E-5 0.004024 0.002715 0.006743 0.00663 0.005201 0.009004 0.012858 0.012747 0.013297 0.018209 0.01781 0.01836 


conceptUri; http;//ebiquity.umbc.edu/v2.1/ontology/publication.owl#Article
label; article
label vector; 0.011082 -1.671191 0.091596 1.562513 1.429977 0.67751 -2.013028 0.17037 1.926401 0.077895 2.540525 2.72E-4 0.802439 1.071657 3.131475 -3.459611 1.698837 0.770496 1.508156 0.152521 -1.138427 0.413218 3.208839 1.43546 1.759208 3.324051 -0.587955 -1.143455 0.738051 -1.037028 -2.189638 0.458247 1.374877 1.825548 1.732829 0.644798 0.591796 1.240527 1.233341 -2.222651 -1.696575 2.633938 0.48929 0.186141 2.308917 -1.620343 1.522571 1.823987 -3.311468 0.34401 0.518274 1.041754 4.245765 0.665213 -1.425886 2.777111 0.458033 0.633355 -2.131262 -1.079093 -0.975237 -0.284486 2.100191 -3.159315 -1.979824 1.225389 0.248528 0.310019 -1.893344 0.756814 -1.26485 2.11212 1.854324 -1.010666 0.233338 -2.047728 0.232614 2.203246 -1.259982 1.702241 0.181989 2.49852 -1.694808 0.805815 2.543923 -2.098895 0.623702 0.598879 -2.186716 1.815562 1.47801 -0.108723 -0.724588 0.589869 -2.157733 -0.287721 -0.177956 -3.906095 0.856416 1.644046 0.599082 0.527255 -1.598941 0.47252 0.726848 1.844286 -0.176565 -0.704081 -2.857428 1.392964 0.080755 -1.058139 -3.367242 0.621926 2.131186 -2.50288 -0.486182 0.526508 -0.258386 -2.937333 -0.316677 -0.176198 2.250064 -3.871913 0.489005 1.912458 -0.803967 0.675662 0.526459 -0.486741 3.368687 -2.309619 2.678698 -1.30993 0.792505 -1.455147 -0.779816 -0.781373 2.704189 -1.509434 -0.224255 -0.241291 -0.044251 -3.874233 -0.396348 -0.101827 -2.267025 -2.446754 3.454173 2.113949 1.135198 1.061524 4.053748 -2.609591 -1.192438 0.871728 -3.340318 -2.222101 -1.277697 0.673825 -1.09538 1.137973 1.873694 2.027983 -2.64495 1.150895 -0.855909 -0.830045 0.434177 2.156462 -2.248964 3.77832 -0.052383 1.251827 -0.502341 0.70279 -1.428557 0.203541 -0.322274 0.775994 0.425196 -0.287702 3.756797 -2.356561 1.204328 3.379462 1.486703 -0.177889 0.142169 2.001032 1.573492 1.293702 -0.659188 -1.632102 0.752349 -1.308248 1.882271 -0.863455 -0.61637 0.025346 -3.011605 0.410426 -1.01624 1.285132 3.016017 0.441792 0.170604 0.209579 -0.38697 0.466541 1.791161 3.496492 0.978879 1.403967 0.981764 3.973357 1.331136 2.59842 2.48679 -3.058434 1.876094 1.958362 -2.423767 -0.28626 -1.673603 0.883994 -0.222314 0.013664 -1.344335 -0.828829 -0.663698 1.289601 -0.344367 0.812755 -0.772039 1.292949 0.79928 -2.480196 1.031323 3.48155 1.208411 -1.749773 -0.584778 -2.239638 -0.229201 -0.219424 1.089029 0.627792 -2.727126 0.819606 0.354236 -0.312941 0.740496 -2.196816 1.674488 0.563601 -1.427904 -0.49428 -1.517475 -2.94656 0.282847 -2.295262 -0.429186 0.374355 0.567847 1.047804 0.007476 -0.608279 -1.567918 2.932034 -0.627971 -0.561935 1.330284 3.319443 3.868365 0.775297 4.621219 -0.601726 -3.864642 2.747277 -0.890908 -1.021155 3.862223 -3.051161 -0.257276 1.681556 1.402034 3.069459 -1.409085 -1.310589 0.371031 1.499987 1.070477 -0.357067 3.363746 -1.103745 -0.399287 -0.805323 -4.026141 3.677961 
comment; null
comment vector; no vectors for these comment tokens
global vector; 0.011082 -1.671191 0.091596 1.562513 1.429977 0.67751 -2.013028 0.17037 1.926401 0.077895 2.540525 2.72E-4 0.802439 1.071657 3.131475 -3.459611 1.698837 0.770496 1.508156 0.152521 -1.138427 0.413218 3.208839 1.43546 1.759208 3.324051 -0.587955 -1.143455 0.738051 -1.037028 -2.189638 0.458247 1.374877 1.825548 1.732829 0.644798 0.591796 1.240527 1.233341 -2.222651 -1.696575 2.633938 0.48929 0.186141 2.308917 -1.620343 1.522571 1.823987 -3.311468 0.34401 0.518274 1.041754 4.245765 0.665213 -1.425886 2.777111 0.458033 0.633355 -2.131262 -1.079093 -0.975237 -0.284486 2.100191 -3.159315 -1.979824 1.225389 0.248528 0.310019 -1.893344 0.756814 -1.26485 2.11212 1.854324 -1.010666 0.233338 -2.047728 0.232614 2.203246 -1.259982 1.702241 0.181989 2.49852 -1.694808 0.805815 2.543923 -2.098895 0.623702 0.598879 -2.186716 1.815562 1.47801 -0.108723 -0.724588 0.589869 -2.157733 -0.287721 -0.177956 -3.906095 0.856416 1.644046 0.599082 0.527255 -1.598941 0.47252 0.726848 1.844286 -0.176565 -0.704081 -2.857428 1.392964 0.080755 -1.058139 -3.367242 0.621926 2.131186 -2.50288 -0.486182 0.526508 -0.258386 -2.937333 -0.316677 -0.176198 2.250064 -3.871913 0.489005 1.912458 -0.803967 0.675662 0.526459 -0.486741 3.368687 -2.309619 2.678698 -1.30993 0.792505 -1.455147 -0.779816 -0.781373 2.704189 -1.509434 -0.224255 -0.241291 -0.044251 -3.874233 -0.396348 -0.101827 -2.267025 -2.446754 3.454173 2.113949 1.135198 1.061524 4.053748 -2.609591 -1.192438 0.871728 -3.340318 -2.222101 -1.277697 0.673825 -1.09538 1.137973 1.873694 2.027983 -2.64495 1.150895 -0.855909 -0.830045 0.434177 2.156462 -2.248964 3.77832 -0.052383 1.251827 -0.502341 0.70279 -1.428557 0.203541 -0.322274 0.775994 0.425196 -0.287702 3.756797 -2.356561 1.204328 3.379462 1.486703 -0.177889 0.142169 2.001032 1.573492 1.293702 -0.659188 -1.632102 0.752349 -1.308248 1.882271 -0.863455 -0.61637 0.025346 -3.011605 0.410426 -1.01624 1.285132 3.016017 0.441792 0.170604 0.209579 -0.38697 0.466541 1.791161 3.496492 0.978879 1.403967 0.981764 3.973357 1.331136 2.59842 2.48679 -3.058434 1.876094 1.958362 -2.423767 -0.28626 -1.673603 0.883994 -0.222314 0.013664 -1.344335 -0.828829 -0.663698 1.289601 -0.344367 0.812755 -0.772039 1.292949 0.79928 -2.480196 1.031323 3.48155 1.208411 -1.749773 -0.584778 -2.239638 -0.229201 -0.219424 1.089029 0.627792 -2.727126 0.819606 0.354236 -0.312941 0.740496 -2.196816 1.674488 0.563601 -1.427904 -0.49428 -1.517475 -2.94656 0.282847 -2.295262 -0.429186 0.374355 0.567847 1.047804 0.007476 -0.608279 -1.567918 2.932034 -0.627971 -0.561935 1.330284 3.319443 3.868365 0.775297 4.621219 -0.601726 -3.864642 2.747277 -0.890908 -1.021155 3.862223 -3.051161 -0.257276 1.681556 1.402034 3.069459 -1.409085 -1.310589 0.371031 1.499987 1.070477 -0.357067 3.363746 -1.103745 -0.399287 -0.805323 -4.026141 3.677961 


conceptUri; http;//ebiquity.umbc.edu/v2.1/ontology/publication.owl#Publication
label; publication
label vector; 0.164487 -2.406183 0.478586 2.409036 0.340873 -1.230888 -1.399177 2.581661 1.991871 1.53802 1.288352 -1.219739 -0.414245 0.481621 0.614572 -1.100853 0.439271 1.882535 -0.298831 -0.729271 -1.803211 -1.61626 1.515986 0.451383 1.170805 1.389592 -0.690607 -0.137825 -1.019065 0.614013 -1.510563 1.159558 4.394709 0.162797 1.38043 -1.569914 1.441475 -4.032226 2.640643 -0.78146 0.682809 0.536377 1.533415 -2.511682 -0.209718 -2.089953 3.046983 1.29272 -1.618358 -1.367146 0.165293 0.117237 1.824676 2.768131 -0.568538 0.359668 0.33783 -0.986855 -1.683328 0.217622 1.730939 1.143302 -0.942568 -0.667399 -1.595685 1.368735 0.847229 -3.231718 -0.887931 -1.215571 -2.117432 2.436225 1.752281 0.199118 -0.594873 0.162357 -0.642382 1.85052 0.248941 1.67135 0.318568 1.599363 0.470039 1.04745 2.15093 0.785771 1.028016 1.763161 -1.239949 -1.661297 0.175243 -0.840793 -2.538999 -0.61311 -0.191728 0.839198 -1.592162 -1.022582 0.084925 2.25385 0.748269 -0.80347 -0.076092 -0.014243 -0.625214 1.607076 -2.800268 0.41309 1.185226 1.493137 0.007364 -1.11895 -1.821349 -0.339003 -0.656137 0.614058 0.519688 3.570617 1.351056 -2.17462 -0.275702 -0.546971 0.107737 -0.765638 0.470391 -2.043653 0.447062 0.520397 -0.941817 0.696174 1.654942 0.351554 -0.593442 0.294499 -1.901127 -0.369917 -2.000439 1.392647 1.81697 -0.441548 2.216373 -0.741737 0.658495 -2.684158 -0.357434 0.261369 -1.443226 -0.848877 0.359353 2.889789 -0.838185 -0.189558 2.160693 -1.867505 -1.801364 1.217471 -1.07399 -0.01206 -0.717154 0.975066 -1.747253 -0.721216 -0.319722 1.1412 -2.521231 0.872407 -1.64173 0.43792 0.989586 0.598566 -0.51849 -0.244989 -0.086233 2.663033 1.324124 0.095423 -1.799172 0.997366 1.124441 -0.352246 -1.823338 -1.924699 0.227586 -1.7513 -0.710267 0.410328 2.633699 -0.918959 3.497581 1.222032 2.722166 1.553036 -3.325829 -2.64476 2.116437 -1.596835 1.014156 -1.71071 -1.448963 -0.463352 -1.784281 0.055517 -0.53226 -0.42973 3.717372 -0.722497 1.992003 -0.942412 0.515522 2.932915 1.905686 0.784749 -0.413002 -0.884671 -0.55951 -1.43653 -1.196867 1.8886 3.832018 0.347286 0.8618 0.34725 0.299734 -0.522156 -2.844568 0.343985 -0.540971 0.471243 -0.488364 -0.519754 0.018316 -1.441505 -0.781889 -0.708941 -0.188652 0.992718 -0.229274 1.490525 1.208756 2.264623 -0.733584 0.202459 1.299618 2.332568 -1.853217 -0.09639 0.44535 0.602445 -0.913574 0.014643 1.408509 -0.635049 1.428972 -2.068293 -1.253586 -2.44838 0.933571 -1.5068 -0.573513 -1.499057 -0.762552 0.788345 -0.777253 0.100962 1.749232 0.057633 -0.070979 -1.226839 0.160106 0.904538 0.561494 0.226241 0.045149 -0.360282 1.452852 -0.784225 0.721984 -0.504969 -1.433518 0.033714 -1.788126 0.534834 1.38273 -1.686908 -0.735395 -0.459484 0.887627 0.842505 -3.169693 -0.941748 -1.322598 1.952983 0.059728 0.333616 0.857202 -1.270822 -2.752332 -0.625402 -0.598917 3.040115 
comment; null
comment vector; no vectors for these comment tokens
global vector; 0.164487 -2.406183 0.478586 2.409036 0.340873 -1.230888 -1.399177 2.581661 1.991871 1.53802 1.288352 -1.219739 -0.414245 0.481621 0.614572 -1.100853 0.439271 1.882535 -0.298831 -0.729271 -1.803211 -1.61626 1.515986 0.451383 1.170805 1.389592 -0.690607 -0.137825 -1.019065 0.614013 -1.510563 1.159558 4.394709 0.162797 1.38043 -1.569914 1.441475 -4.032226 2.640643 -0.78146 0.682809 0.536377 1.533415 -2.511682 -0.209718 -2.089953 3.046983 1.29272 -1.618358 -1.367146 0.165293 0.117237 1.824676 2.768131 -0.568538 0.359668 0.33783 -0.986855 -1.683328 0.217622 1.730939 1.143302 -0.942568 -0.667399 -1.595685 1.368735 0.847229 -3.231718 -0.887931 -1.215571 -2.117432 2.436225 1.752281 0.199118 -0.594873 0.162357 -0.642382 1.85052 0.248941 1.67135 0.318568 1.599363 0.470039 1.04745 2.15093 0.785771 1.028016 1.763161 -1.239949 -1.661297 0.175243 -0.840793 -2.538999 -0.61311 -0.191728 0.839198 -1.592162 -1.022582 0.084925 2.25385 0.748269 -0.80347 -0.076092 -0.014243 -0.625214 1.607076 -2.800268 0.41309 1.185226 1.493137 0.007364 -1.11895 -1.821349 -0.339003 -0.656137 0.614058 0.519688 3.570617 1.351056 -2.17462 -0.275702 -0.546971 0.107737 -0.765638 0.470391 -2.043653 0.447062 0.520397 -0.941817 0.696174 1.654942 0.351554 -0.593442 0.294499 -1.901127 -0.369917 -2.000439 1.392647 1.81697 -0.441548 2.216373 -0.741737 0.658495 -2.684158 -0.357434 0.261369 -1.443226 -0.848877 0.359353 2.889789 -0.838185 -0.189558 2.160693 -1.867505 -1.801364 1.217471 -1.07399 -0.01206 -0.717154 0.975066 -1.747253 -0.721216 -0.319722 1.1412 -2.521231 0.872407 -1.64173 0.43792 0.989586 0.598566 -0.51849 -0.244989 -0.086233 2.663033 1.324124 0.095423 -1.799172 0.997366 1.124441 -0.352246 -1.823338 -1.924699 0.227586 -1.7513 -0.710267 0.410328 2.633699 -0.918959 3.497581 1.222032 2.722166 1.553036 -3.325829 -2.64476 2.116437 -1.596835 1.014156 -1.71071 -1.448963 -0.463352 -1.784281 0.055517 -0.53226 -0.42973 3.717372 -0.722497 1.992003 -0.942412 0.515522 2.932915 1.905686 0.784749 -0.413002 -0.884671 -0.55951 -1.43653 -1.196867 1.8886 3.832018 0.347286 0.8618 0.34725 0.299734 -0.522156 -2.844568 0.343985 -0.540971 0.471243 -0.488364 -0.519754 0.018316 -1.441505 -0.781889 -0.708941 -0.188652 0.992718 -0.229274 1.490525 1.208756 2.264623 -0.733584 0.202459 1.299618 2.332568 -1.853217 -0.09639 0.44535 0.602445 -0.913574 0.014643 1.408509 -0.635049 1.428972 -2.068293 -1.253586 -2.44838 0.933571 -1.5068 -0.573513 -1.499057 -0.762552 0.788345 -0.777253 0.100962 1.749232 0.057633 -0.070979 -1.226839 0.160106 0.904538 0.561494 0.226241 0.045149 -0.360282 1.452852 -0.784225 0.721984 -0.504969 -1.433518 0.033714 -1.788126 0.534834 1.38273 -1.686908 -0.735395 -0.459484 0.887627 0.842505 -3.169693 -0.941748 -1.322598 1.952983 0.059728 0.333616 0.857202 -1.270822 -2.752332 -0.625402 -0.598917 3.040115 


conceptUri; http;//ebiquity.umbc.edu/v2.1/ontology/publication.owl#Book
label; book
label vector; -0.895706 -1.984356 1.621391 2.434386 -0.664194 -0.128522 -0.390928 -0.492707 -1.11423 0.328475 0.38532 2.098117 0.441023 0.674125 1.824669 -1.381293 0.825048 2.146216 0.428282 0.556298 -1.445167 -2.402444 1.136862 -0.387992 1.174538 2.463151 -2.221342 -0.480715 0.105492 -0.628878 -0.850127 0.900702 2.148201 1.869339 1.061723 0.378747 0.121376 -2.389463 3.88729 -0.501094 0.765542 1.733304 1.002409 -2.675709 -1.840399 -0.969982 4.87629 0.493224 -0.090513 -1.213125 0.439955 -0.060019 2.813719 3.471978 -0.273947 1.993797 -0.498155 -0.392334 -0.668568 -0.303253 0.361151 -2.196355 -0.993866 -2.233266 -4.06378 1.99648 0.662072 -1.790443 2.423167 1.558711 -0.545285 -0.482454 0.712056 -0.4373 0.163155 -0.641762 -2.487619 1.597969 -1.364409 1.104992 1.244171 1.249558 0.839574 2.158048 -0.082481 -0.339048 0.826079 0.22897 -1.344036 -0.776564 -1.019174 0.886268 0.307195 -0.753215 -2.167868 -1.8279 1.346271 -4.675323 -0.932232 1.883665 4.133884 0.952011 -0.001315 0.744996 0.744154 1.383142 -1.549235 0.989036 -1.52017 1.765778 0.273116 -1.210034 -1.442142 1.264424 0.237457 -0.967889 0.458276 0.594666 -0.46711 0.235482 -1.542871 -0.16019 0.988643 -2.752069 -1.023615 0.655699 0.442093 1.695391 -1.096244 -0.463545 0.87513 -1.517738 1.050342 1.213322 0.17867 -0.391667 -0.428796 -2.181986 1.558166 -2.958948 0.765917 -0.595956 2.621615 -2.295775 0.950491 0.925706 -0.998822 -1.642545 -0.127264 0.463241 0.380493 0.179898 2.717509 -2.504672 -2.863571 3.332286 1.784194 -0.688445 -0.740366 0.473321 -0.697987 -1.410946 -0.719152 2.06671 -1.192725 0.080543 2.286268 -0.656298 -1.171663 1.734325 -1.220751 3.467098 0.592622 1.70419 -0.58451 0.644945 -0.499845 0.731364 -2.859305 -0.027237 -2.580225 1.262769 0.464647 -3.34984 -0.303679 1.869293 0.903551 -0.534433 1.24891 1.56104 2.387999 1.333676 -2.877792 -1.168858 1.07481 -1.925315 0.415166 0.851259 -2.719036 -0.869916 -2.487664 1.572127 1.148501 -0.022059 4.0183 -1.340373 1.228078 0.362822 -0.027531 2.426028 1.833025 3.341925 1.493705 1.022862 1.00289 -1.095141 -0.750956 -0.306951 2.163745 -0.47539 1.886581 0.016113 -2.02838 -1.446492 -1.453831 -0.997523 -1.648174 -0.724001 -0.046347 0.900169 2.469848 0.411347 -0.959465 -0.498017 -1.22385 0.68447 1.137212 -1.946204 0.578846 2.517125 0.127899 -1.628184 2.270723 -1.536219 -0.710334 -0.150161 1.331625 0.153472 0.2615 -0.960215 -0.104928 -1.03269 0.521618 -0.579317 0.80832 0.525291 0.61523 -0.100662 -0.141904 -2.19001 0.867062 -0.595271 -1.712495 -1.317795 -0.867666 -1.444408 -0.319288 -2.168098 -1.626322 2.280041 0.852107 1.128935 0.378561 0.250044 1.851511 0.045414 1.243123 -0.719934 -2.423044 0.883938 -1.746057 -3.165234 2.714957 -0.976916 0.173406 0.142985 2.0539 1.529274 1.00752 -0.156113 2.210212 1.838093 -2.57435 1.390651 2.047684 -3.580141 -2.161127 -0.996534 -0.865605 2.233643 
comment; null
comment vector; no vectors for these comment tokens
global vector; -0.895706 -1.984356 1.621391 2.434386 -0.664194 -0.128522 -0.390928 -0.492707 -1.11423 0.328475 0.38532 2.098117 0.441023 0.674125 1.824669 -1.381293 0.825048 2.146216 0.428282 0.556298 -1.445167 -2.402444 1.136862 -0.387992 1.174538 2.463151 -2.221342 -0.480715 0.105492 -0.628878 -0.850127 0.900702 2.148201 1.869339 1.061723 0.378747 0.121376 -2.389463 3.88729 -0.501094 0.765542 1.733304 1.002409 -2.675709 -1.840399 -0.969982 4.87629 0.493224 -0.090513 -1.213125 0.439955 -0.060019 2.813719 3.471978 -0.273947 1.993797 -0.498155 -0.392334 -0.668568 -0.303253 0.361151 -2.196355 -0.993866 -2.233266 -4.06378 1.99648 0.662072 -1.790443 2.423167 1.558711 -0.545285 -0.482454 0.712056 -0.4373 0.163155 -0.641762 -2.487619 1.597969 -1.364409 1.104992 1.244171 1.249558 0.839574 2.158048 -0.082481 -0.339048 0.826079 0.22897 -1.344036 -0.776564 -1.019174 0.886268 0.307195 -0.753215 -2.167868 -1.8279 1.346271 -4.675323 -0.932232 1.883665 4.133884 0.952011 -0.001315 0.744996 0.744154 1.383142 -1.549235 0.989036 -1.52017 1.765778 0.273116 -1.210034 -1.442142 1.264424 0.237457 -0.967889 0.458276 0.594666 -0.46711 0.235482 -1.542871 -0.16019 0.988643 -2.752069 -1.023615 0.655699 0.442093 1.695391 -1.096244 -0.463545 0.87513 -1.517738 1.050342 1.213322 0.17867 -0.391667 -0.428796 -2.181986 1.558166 -2.958948 0.765917 -0.595956 2.621615 -2.295775 0.950491 0.925706 -0.998822 -1.642545 -0.127264 0.463241 0.380493 0.179898 2.717509 -2.504672 -2.863571 3.332286 1.784194 -0.688445 -0.740366 0.473321 -0.697987 -1.410946 -0.719152 2.06671 -1.192725 0.080543 2.286268 -0.656298 -1.171663 1.734325 -1.220751 3.467098 0.592622 1.70419 -0.58451 0.644945 -0.499845 0.731364 -2.859305 -0.027237 -2.580225 1.262769 0.464647 -3.34984 -0.303679 1.869293 0.903551 -0.534433 1.24891 1.56104 2.387999 1.333676 -2.877792 -1.168858 1.07481 -1.925315 0.415166 0.851259 -2.719036 -0.869916 -2.487664 1.572127 1.148501 -0.022059 4.0183 -1.340373 1.228078 0.362822 -0.027531 2.426028 1.833025 3.341925 1.493705 1.022862 1.00289 -1.095141 -0.750956 -0.306951 2.163745 -0.47539 1.886581 0.016113 -2.02838 -1.446492 -1.453831 -0.997523 -1.648174 -0.724001 -0.046347 0.900169 2.469848 0.411347 -0.959465 -0.498017 -1.22385 0.68447 1.137212 -1.946204 0.578846 2.517125 0.127899 -1.628184 2.270723 -1.536219 -0.710334 -0.150161 1.331625 0.153472 0.2615 -0.960215 -0.104928 -1.03269 0.521618 -0.579317 0.80832 0.525291 0.61523 -0.100662 -0.141904 -2.19001 0.867062 -0.595271 -1.712495 -1.317795 -0.867666 -1.444408 -0.319288 -2.168098 -1.626322 2.280041 0.852107 1.128935 0.378561 0.250044 1.851511 0.045414 1.243123 -0.719934 -2.423044 0.883938 -1.746057 -3.165234 2.714957 -0.976916 0.173406 0.142985 2.0539 1.529274 1.00752 -0.156113 2.210212 1.838093 -2.57435 1.390651 2.047684 -3.580141 -2.161127 -0.996534 -0.865605 2.233643 


conceptUri; http;//ebiquity.umbc.edu/v2.1/ontology/publication.owl#Misc
label; misc
label vector; 0.104368 0.224804 -1.132078 -0.82057 0.238025 -1.114656 -0.633977 -0.46223 0.469813 0.517857 0.655065 0.003623 -0.08028 0.440818 -0.073337 -0.333736 0.320151 -0.054386 0.931065 -0.121034 -0.879925 0.254106 1.385113 -0.617224 0.066564 0.60162 0.417164 0.068811 -0.445702 -0.641068 -0.663956 -0.140154 0.287155 0.240106 0.330504 -0.588147 0.132256 0.675584 -0.579149 1.064457 0.217948 0.091112 0.626989 -0.789013 0.266089 -0.254815 0.06591 0.760078 -0.116668 0.301804 1.219235 0.691704 1.083909 0.443581 0.640032 -0.106103 -0.701411 -0.647894 0.08559 0.143105 -0.129008 0.203968 0.228416 -0.267585 0.480533 -0.07705 0.271149 0.624004 0.270354 -0.3069 -0.629653 0.503286 -0.142796 -0.222846 -0.144517 0.532774 -0.334085 0.754031 0.4682 0.303425 1.203105 -0.658794 -0.068022 0.190617 -0.282858 -0.142847 0.868235 0.830052 -0.15773 -0.3306 0.837233 0.767951 -1.323928 0.049633 -0.490007 0.956107 -0.162372 -0.685119 -0.255988 -0.514732 0.693173 0.263294 0.147104 -0.213751 0.631736 0.589413 -0.566587 -0.52761 -0.237098 0.022504 0.109953 -0.178512 -1.451233 0.127001 0.139132 -0.28277 0.44105 -0.53744 0.172144 -1.23213 0.106442 -0.372048 -0.55093 -0.738392 -0.490037 0.087901 1.382271 1.109212 -0.110959 0.108917 0.574458 0.492668 -0.686751 0.35434 -0.42856 -0.591684 -0.25987 0.289646 0.177941 0.893333 -0.760335 0.138172 -0.569593 -0.529302 -0.037307 -0.238176 0.393705 -0.26914 -0.216943 0.588679 0.039829 1.139416 0.827253 0.079669 -0.383427 -0.470681 0.398546 0.330353 -0.450389 0.234295 -0.246529 0.661209 -0.008344 -0.290443 -0.142352 -0.301781 0.740907 -0.515225 -0.469803 -0.214232 -0.367765 0.887415 -0.640426 0.864637 0.616428 -0.820244 -0.37794 -0.082449 0.503315 0.714074 -0.322396 -1.383619 -0.070756 -0.983808 0.161517 0.083265 -0.84449 -0.887543 0.341176 -0.061376 0.23709 0.715405 -1.680918 -0.18951 0.391745 0.69786 0.040285 1.113957 -0.225438 0.339435 0.136827 0.469737 0.083126 -0.450749 1.138682 -0.897549 -0.760229 0.120218 0.288991 0.310634 0.850534 -0.130889 -0.609227 -0.309803 0.332064 1.093183 0.678075 0.201221 0.848881 0.583387 -0.60041 0.118095 0.856814 -0.53196 -0.410523 -0.010919 0.237707 -0.353963 0.91403 1.186967 -0.726849 0.027833 0.765469 1.020023 0.648881 0.11551 -0.063381 0.236663 -0.476777 -0.706999 0.350524 0.585918 0.627848 -0.392237 -0.569707 1.355836 -0.053585 -0.561014 -0.280393 0.049164 0.317428 -1.047317 -0.0559 -0.608848 0.144002 -0.206977 -0.636466 0.556953 0.050325 0.075815 -0.568149 0.219748 0.479856 -0.288087 0.594425 0.249506 0.588092 1.040771 -0.8051 0.186756 -0.261436 0.062953 -0.430088 0.307063 0.082286 0.40033 -0.071119 0.237332 -0.504034 0.634016 -0.114094 1.000715 0.051392 -1.208958 -0.88092 0.481499 -0.136633 0.033024 -0.161857 0.346974 -0.28589 -0.306583 -0.128163 0.090989 0.884274 0.343383 0.045473 -0.28934 -1.143233 -0.426267 
comment; null
comment vector; no vectors for these comment tokens
global vector; 0.104368 0.224804 -1.132078 -0.82057 0.238025 -1.114656 -0.633977 -0.46223 0.469813 0.517857 0.655065 0.003623 -0.08028 0.440818 -0.073337 -0.333736 0.320151 -0.054386 0.931065 -0.121034 -0.879925 0.254106 1.385113 -0.617224 0.066564 0.60162 0.417164 0.068811 -0.445702 -0.641068 -0.663956 -0.140154 0.287155 0.240106 0.330504 -0.588147 0.132256 0.675584 -0.579149 1.064457 0.217948 0.091112 0.626989 -0.789013 0.266089 -0.254815 0.06591 0.760078 -0.116668 0.301804 1.219235 0.691704 1.083909 0.443581 0.640032 -0.106103 -0.701411 -0.647894 0.08559 0.143105 -0.129008 0.203968 0.228416 -0.267585 0.480533 -0.07705 0.271149 0.624004 0.270354 -0.3069 -0.629653 0.503286 -0.142796 -0.222846 -0.144517 0.532774 -0.334085 0.754031 0.4682 0.303425 1.203105 -0.658794 -0.068022 0.190617 -0.282858 -0.142847 0.868235 0.830052 -0.15773 -0.3306 0.837233 0.767951 -1.323928 0.049633 -0.490007 0.956107 -0.162372 -0.685119 -0.255988 -0.514732 0.693173 0.263294 0.147104 -0.213751 0.631736 0.589413 -0.566587 -0.52761 -0.237098 0.022504 0.109953 -0.178512 -1.451233 0.127001 0.139132 -0.28277 0.44105 -0.53744 0.172144 -1.23213 0.106442 -0.372048 -0.55093 -0.738392 -0.490037 0.087901 1.382271 1.109212 -0.110959 0.108917 0.574458 0.492668 -0.686751 0.35434 -0.42856 -0.591684 -0.25987 0.289646 0.177941 0.893333 -0.760335 0.138172 -0.569593 -0.529302 -0.037307 -0.238176 0.393705 -0.26914 -0.216943 0.588679 0.039829 1.139416 0.827253 0.079669 -0.383427 -0.470681 0.398546 0.330353 -0.450389 0.234295 -0.246529 0.661209 -0.008344 -0.290443 -0.142352 -0.301781 0.740907 -0.515225 -0.469803 -0.214232 -0.367765 0.887415 -0.640426 0.864637 0.616428 -0.820244 -0.37794 -0.082449 0.503315 0.714074 -0.322396 -1.383619 -0.070756 -0.983808 0.161517 0.083265 -0.84449 -0.887543 0.341176 -0.061376 0.23709 0.715405 -1.680918 -0.18951 0.391745 0.69786 0.040285 1.113957 -0.225438 0.339435 0.136827 0.469737 0.083126 -0.450749 1.138682 -0.897549 -0.760229 0.120218 0.288991 0.310634 0.850534 -0.130889 -0.609227 -0.309803 0.332064 1.093183 0.678075 0.201221 0.848881 0.583387 -0.60041 0.118095 0.856814 -0.53196 -0.410523 -0.010919 0.237707 -0.353963 0.91403 1.186967 -0.726849 0.027833 0.765469 1.020023 0.648881 0.11551 -0.063381 0.236663 -0.476777 -0.706999 0.350524 0.585918 0.627848 -0.392237 -0.569707 1.355836 -0.053585 -0.561014 -0.280393 0.049164 0.317428 -1.047317 -0.0559 -0.608848 0.144002 -0.206977 -0.636466 0.556953 0.050325 0.075815 -0.568149 0.219748 0.479856 -0.288087 0.594425 0.249506 0.588092 1.040771 -0.8051 0.186756 -0.261436 0.062953 -0.430088 0.307063 0.082286 0.40033 -0.071119 0.237332 -0.504034 0.634016 -0.114094 1.000715 0.051392 -1.208958 -0.88092 0.481499 -0.136633 0.033024 -0.161857 0.346974 -0.28589 -0.306583 -0.128163 0.090989 0.884274 0.343383 0.045473 -0.28934 -1.143233 -0.426267 


conceptUri; http;//ebiquity.umbc.edu/v2.1/ontology/publication.owl#TechReport
label; techreport
label vector; -1.681452 -1.089036 -0.790335 -0.293733 -0.204474 -0.309503 -0.406492 -0.243561 -0.132354 -0.200439 -0.100746 -0.093638 0.033147 0.043646 0.114293 0.037319 -0.024385 -0.049237 -0.097656 -0.173744 -0.184132 -0.099741 -0.101373 -0.115116 -0.122348 -0.093557 -0.128909 -0.12446 -0.15846 -0.157204 -0.146605 -0.118345 -0.13307 -0.125286 -0.054287 -0.066655 -0.07 -0.015291 0.042259 0.03861 0.001793 0.064554 0.07592 0.06389 0.08393 0.034309 0.031965 0.045626 0.027828 0.025756 0.03399 0.016263 0.03108 0.047538 0.031189 0.05179 0.036973 0.026682 0.003076 0.024038 0.022933 0.039521 0.074189 0.056748 0.075289 0.055414 0.076169 0.059374 0.0682 0.054189 0.04187 0.059614 0.076559 0.070971 0.03568 0.040142 0.042747 0.058033 0.063564 0.06305 0.076917 0.088718 0.10879 0.10871 0.118861 0.089029 0.088349 0.10155 0.097177 0.097291 0.098764 0.102014 0.105005 0.093487 0.078481 0.081281 0.079748 0.073955 0.100675 0.115135 0.127986 0.124857 0.110552 0.11239 0.11426 0.119862 0.100687 0.10608 0.099102 0.104861 0.106463 0.104722 0.098049 0.093353 0.093091 0.084744 0.085622 0.086765 0.09225 0.082079 0.077572 0.078207 0.054776 0.056478 0.052106 0.048667 0.04099 0.031861 0.034177 0.042643 0.063811 0.052004 0.054446 0.038402 0.025488 0.009877 0.017669 0.015682 0.01329 0.01422 0.021349 0.015308 0.009574 -0.005666 -0.00452 0.004143 -0.011183 -0.020128 -0.014781 -0.003221 -0.007051 -0.003939 0.005304 -0.00115 -0.008418 -0.003264 -0.006905 -0.003813 -0.005357 0.00417 0.004558 0.021117 0.02353 0.019101 0.022263 0.023542 0.025112 0.027137 0.036366 0.033676 0.025951 0.031599 0.03879 0.041403 0.041486 0.038118 0.038461 0.040658 0.034525 0.035664 0.036045 0.033577 0.039319 0.031578 0.03488 0.032319 0.038015 0.036098 0.031685 0.033276 0.038225 0.039222 0.031948 0.029844 0.034941 0.027633 0.033328 0.034625 0.030449 0.042271 0.041079 0.040909 0.048868 0.05951 0.060159 0.057662 0.057863 0.061366 0.061456 0.058335 0.058169 0.074441 0.070649 0.06468 0.067862 0.065799 0.068888 0.075847 0.075709 0.076864 0.077983 0.08482 0.091476 0.08723 0.08222 0.087187 0.081626 0.077268 0.077233 0.071481 0.07234 0.080243 0.083778 0.08686 0.087461 0.095866 0.097917 0.101101 0.098676 0.095565 0.095537 0.09409 0.094092 0.092558 0.0809 0.083415 0.076865 0.080992 0.080296 0.08404 0.085748 0.086906 0.088589 0.084542 0.086507 0.087121 0.083163 0.082466 0.080948 0.081869 0.073064 0.070617 0.067021 0.06104 0.057543 0.054173 0.055093 0.054633 0.050478 0.052222 0.04346 0.040994 0.038434 0.049506 0.046486 0.043431 0.048204 0.047085 0.049904 0.051219 0.048541 0.043949 0.046703 0.041853 0.048062 0.054986 0.054568 0.055696 0.053145 0.048661 0.049714 0.053465 0.052372 0.054448 0.056413 0.054753 0.050926 0.051243 0.051983 0.054042 
comment; null
comment vector; no vectors for these comment tokens
global vector; -1.681452 -1.089036 -0.790335 -0.293733 -0.204474 -0.309503 -0.406492 -0.243561 -0.132354 -0.200439 -0.100746 -0.093638 0.033147 0.043646 0.114293 0.037319 -0.024385 -0.049237 -0.097656 -0.173744 -0.184132 -0.099741 -0.101373 -0.115116 -0.122348 -0.093557 -0.128909 -0.12446 -0.15846 -0.157204 -0.146605 -0.118345 -0.13307 -0.125286 -0.054287 -0.066655 -0.07 -0.015291 0.042259 0.03861 0.001793 0.064554 0.07592 0.06389 0.08393 0.034309 0.031965 0.045626 0.027828 0.025756 0.03399 0.016263 0.03108 0.047538 0.031189 0.05179 0.036973 0.026682 0.003076 0.024038 0.022933 0.039521 0.074189 0.056748 0.075289 0.055414 0.076169 0.059374 0.0682 0.054189 0.04187 0.059614 0.076559 0.070971 0.03568 0.040142 0.042747 0.058033 0.063564 0.06305 0.076917 0.088718 0.10879 0.10871 0.118861 0.089029 0.088349 0.10155 0.097177 0.097291 0.098764 0.102014 0.105005 0.093487 0.078481 0.081281 0.079748 0.073955 0.100675 0.115135 0.127986 0.124857 0.110552 0.11239 0.11426 0.119862 0.100687 0.10608 0.099102 0.104861 0.106463 0.104722 0.098049 0.093353 0.093091 0.084744 0.085622 0.086765 0.09225 0.082079 0.077572 0.078207 0.054776 0.056478 0.052106 0.048667 0.04099 0.031861 0.034177 0.042643 0.063811 0.052004 0.054446 0.038402 0.025488 0.009877 0.017669 0.015682 0.01329 0.01422 0.021349 0.015308 0.009574 -0.005666 -0.00452 0.004143 -0.011183 -0.020128 -0.014781 -0.003221 -0.007051 -0.003939 0.005304 -0.00115 -0.008418 -0.003264 -0.006905 -0.003813 -0.005357 0.00417 0.004558 0.021117 0.02353 0.019101 0.022263 0.023542 0.025112 0.027137 0.036366 0.033676 0.025951 0.031599 0.03879 0.041403 0.041486 0.038118 0.038461 0.040658 0.034525 0.035664 0.036045 0.033577 0.039319 0.031578 0.03488 0.032319 0.038015 0.036098 0.031685 0.033276 0.038225 0.039222 0.031948 0.029844 0.034941 0.027633 0.033328 0.034625 0.030449 0.042271 0.041079 0.040909 0.048868 0.05951 0.060159 0.057662 0.057863 0.061366 0.061456 0.058335 0.058169 0.074441 0.070649 0.06468 0.067862 0.065799 0.068888 0.075847 0.075709 0.076864 0.077983 0.08482 0.091476 0.08723 0.08222 0.087187 0.081626 0.077268 0.077233 0.071481 0.07234 0.080243 0.083778 0.08686 0.087461 0.095866 0.097917 0.101101 0.098676 0.095565 0.095537 0.09409 0.094092 0.092558 0.0809 0.083415 0.076865 0.080992 0.080296 0.08404 0.085748 0.086906 0.088589 0.084542 0.086507 0.087121 0.083163 0.082466 0.080948 0.081869 0.073064 0.070617 0.067021 0.06104 0.057543 0.054173 0.055093 0.054633 0.050478 0.052222 0.04346 0.040994 0.038434 0.049506 0.046486 0.043431 0.048204 0.047085 0.049904 0.051219 0.048541 0.043949 0.046703 0.041853 0.048062 0.054986 0.054568 0.055696 0.053145 0.048661 0.049714 0.053465 0.052372 0.054448 0.056413 0.054753 0.050926 0.051243 0.051983 0.054042 


conceptUri; http;//ebiquity.umbc.edu/v2.1/ontology/publication.owl#Proceedings
label; proceedings
label vector; 1.098031 -2.4106 -0.090882 0.214808 -0.345586 -1.942325 0.731422 2.009519 1.259919 -0.278173 1.076149 -0.742266 -0.188955 0.969974 0.595131 -1.695482 1.715397 0.904549 -1.092308 -1.012239 -1.151138 1.671085 2.224291 1.648334 -0.95789 -0.67424 -1.056678 0.396613 -1.341436 -1.75347 0.658494 -0.100108 -0.457945 1.720173 -0.786113 -0.228951 -2.037953 -1.740671 1.734363 2.313603 -0.166314 -1.200987 2.083981 -1.688485 0.905244 -1.938927 -0.99484 -0.753777 0.297766 -0.084251 -0.320835 -0.70263 1.170694 0.829703 -1.462126 -0.238152 0.018443 1.00023 -0.55383 0.053845 1.287053 -1.030705 1.942167 1.970311 -0.149811 -1.409483 -0.75842 -2.80275 -2.054691 -2.440147 0.542989 -1.317385 1.542081 1.267561 -0.630791 1.214418 -0.176363 2.179572 -0.4697 0.874574 -0.483618 0.523168 0.695368 0.28604 1.190421 0.627119 0.394325 0.809775 0.453184 -0.742664 1.413291 -1.536827 -2.178395 1.182037 -2.413084 4.013844 0.964427 0.469611 3.106723 1.747917 -2.294719 -0.57643 -1.280149 -1.923081 0.101832 0.66374 -0.268694 -1.369488 2.365356 1.474183 0.365972 1.045901 -0.419251 -2.109639 -0.59742 0.823343 0.825725 0.650856 0.053157 -2.722777 -0.847691 2.494691 0.504977 2.822335 2.850218 -2.085606 0.829434 1.78142 -0.61218 -0.491176 1.035085 -0.819723 -2.554966 0.179885 -1.384158 2.759152 0.218917 0.580803 0.409016 -1.813882 0.901907 -0.646702 0.157358 0.603286 0.325226 -0.673523 -2.569684 -0.359507 0.830948 3.449829 -0.390537 1.740217 2.337019 0.565514 -1.871588 0.683821 -1.423193 2.820026 -1.770073 1.173149 1.135865 1.102114 1.035463 -0.505684 0.580403 1.861978 -1.578965 1.234757 0.792278 0.161612 3.521119 0.289025 -1.273996 0.758924 1.317785 -0.78565 -2.948866 0.90331 1.471667 0.906652 -1.867507 -1.458524 0.29853 0.221696 2.307973 1.175022 -0.068803 1.746722 0.589598 -0.060873 1.314928 0.389479 0.106393 0.033789 -0.87549 -2.098921 -2.420878 -0.299235 1.580415 3.272827 0.11939 0.524533 -1.026669 -0.836887 -1.073537 -1.601261 1.426673 -1.119121 0.035213 -0.378996 0.153471 -1.06949 0.309693 1.2196 1.54063 -1.1284 1.803717 0.255968 3.473027 -1.312799 2.54045 1.358228 -0.211137 -0.085954 -2.736506 -0.873639 0.170941 0.149816 1.771074 -1.276689 0.328452 -0.172838 -1.765903 0.485633 -0.921421 -0.261432 0.427637 -0.875372 -1.785758 0.909641 -0.265663 0.549364 0.914818 -0.135036 -2.252473 1.211278 -2.599566 1.704416 -0.231595 0.949344 1.261624 2.030334 2.739539 -3.700623 0.16855 1.183316 -1.86424 -1.296695 -1.628554 -1.179255 -1.23451 -1.772294 -0.429987 -0.194571 1.500731 3.046498 0.163261 1.305734 1.392508 2.14577 0.719678 0.479119 -1.247614 1.641991 -0.221275 -0.169063 2.949054 0.356945 -2.257226 0.102096 -1.600834 0.841853 1.128336 -2.769775 -2.248113 0.535391 0.048089 -0.237899 -2.967934 0.633474 -1.160627 -0.425203 -0.969684 1.208614 2.070246 -1.516209 -1.852643 -0.910899 -1.842992 0.179689 
comment; null
comment vector; no vectors for these comment tokens
global vector; 1.098031 -2.4106 -0.090882 0.214808 -0.345586 -1.942325 0.731422 2.009519 1.259919 -0.278173 1.076149 -0.742266 -0.188955 0.969974 0.595131 -1.695482 1.715397 0.904549 -1.092308 -1.012239 -1.151138 1.671085 2.224291 1.648334 -0.95789 -0.67424 -1.056678 0.396613 -1.341436 -1.75347 0.658494 -0.100108 -0.457945 1.720173 -0.786113 -0.228951 -2.037953 -1.740671 1.734363 2.313603 -0.166314 -1.200987 2.083981 -1.688485 0.905244 -1.938927 -0.99484 -0.753777 0.297766 -0.084251 -0.320835 -0.70263 1.170694 0.829703 -1.462126 -0.238152 0.018443 1.00023 -0.55383 0.053845 1.287053 -1.030705 1.942167 1.970311 -0.149811 -1.409483 -0.75842 -2.80275 -2.054691 -2.440147 0.542989 -1.317385 1.542081 1.267561 -0.630791 1.214418 -0.176363 2.179572 -0.4697 0.874574 -0.483618 0.523168 0.695368 0.28604 1.190421 0.627119 0.394325 0.809775 0.453184 -0.742664 1.413291 -1.536827 -2.178395 1.182037 -2.413084 4.013844 0.964427 0.469611 3.106723 1.747917 -2.294719 -0.57643 -1.280149 -1.923081 0.101832 0.66374 -0.268694 -1.369488 2.365356 1.474183 0.365972 1.045901 -0.419251 -2.109639 -0.59742 0.823343 0.825725 0.650856 0.053157 -2.722777 -0.847691 2.494691 0.504977 2.822335 2.850218 -2.085606 0.829434 1.78142 -0.61218 -0.491176 1.035085 -0.819723 -2.554966 0.179885 -1.384158 2.759152 0.218917 0.580803 0.409016 -1.813882 0.901907 -0.646702 0.157358 0.603286 0.325226 -0.673523 -2.569684 -0.359507 0.830948 3.449829 -0.390537 1.740217 2.337019 0.565514 -1.871588 0.683821 -1.423193 2.820026 -1.770073 1.173149 1.135865 1.102114 1.035463 -0.505684 0.580403 1.861978 -1.578965 1.234757 0.792278 0.161612 3.521119 0.289025 -1.273996 0.758924 1.317785 -0.78565 -2.948866 0.90331 1.471667 0.906652 -1.867507 -1.458524 0.29853 0.221696 2.307973 1.175022 -0.068803 1.746722 0.589598 -0.060873 1.314928 0.389479 0.106393 0.033789 -0.87549 -2.098921 -2.420878 -0.299235 1.580415 3.272827 0.11939 0.524533 -1.026669 -0.836887 -1.073537 -1.601261 1.426673 -1.119121 0.035213 -0.378996 0.153471 -1.06949 0.309693 1.2196 1.54063 -1.1284 1.803717 0.255968 3.473027 -1.312799 2.54045 1.358228 -0.211137 -0.085954 -2.736506 -0.873639 0.170941 0.149816 1.771074 -1.276689 0.328452 -0.172838 -1.765903 0.485633 -0.921421 -0.261432 0.427637 -0.875372 -1.785758 0.909641 -0.265663 0.549364 0.914818 -0.135036 -2.252473 1.211278 -2.599566 1.704416 -0.231595 0.949344 1.261624 2.030334 2.739539 -3.700623 0.16855 1.183316 -1.86424 -1.296695 -1.628554 -1.179255 -1.23451 -1.772294 -0.429987 -0.194571 1.500731 3.046498 0.163261 1.305734 1.392508 2.14577 0.719678 0.479119 -1.247614 1.641991 -0.221275 -0.169063 2.949054 0.356945 -2.257226 0.102096 -1.600834 0.841853 1.128336 -2.769775 -2.248113 0.535391 0.048089 -0.237899 -2.967934 0.633474 -1.160627 -0.425203 -0.969684 1.208614 2.070246 -1.516209 -1.852643 -0.910899 -1.842992 0.179689 


conceptUri; http;//ebiquity.umbc.edu/v2.1/ontology/publication.owl#InBook
label; inbook
label vector; -0.823737 -0.918938 -0.242639 0.091781 0.038362 0.180547 0.101342 -0.055026 -0.212945 -0.116311 -0.123177 -0.014219 0.013666 -0.041669 -0.019377 -0.023165 -0.032921 0.023319 0.009835 0.037046 -0.009684 -0.10351 -0.036308 -0.037232 -0.017677 0.013352 -0.013125 -0.051306 -0.02912 -0.040316 -0.047792 -0.002513 0.020456 0.046183 0.068898 0.062455 0.05212 0.052823 0.093956 0.08907 0.109059 0.128101 0.147486 0.109621 0.093846 0.093283 0.119551 0.118314 0.128715 0.11344 0.121622 0.111693 0.139872 0.141773 0.136487 0.138462 0.1148 0.138549 0.136115 0.130796 0.136649 0.115945 0.108691 0.090597 0.041974 0.062304 0.069115 0.055365 0.064308 0.073824 0.059867 0.054322 0.054788 0.041156 0.034547 0.029801 0.012796 0.03031 0.012925 0.034098 0.049379 0.062487 0.062046 0.06622 0.057427 0.055452 0.044684 0.031483 0.023807 0.019634 0.011676 0.019749 0.011263 -0.001569 -0.010579 -0.032465 -0.035812 -0.064767 -0.072489 -0.060715 -0.034996 -0.033976 -0.026283 -0.02523 -0.024181 -0.015882 -0.029665 -0.029153 -0.038053 -0.031173 -0.026106 -0.035125 -0.040421 -0.023425 -0.029818 -0.036132 -0.036833 -0.031029 -0.024293 -0.024437 -0.032009 -0.023643 -0.02327 -0.027322 -0.023762 -0.019666 -0.01753 -0.00728 -0.010269 -0.003782 -0.007194 -0.008789 -0.012342 -0.00537 -0.006819 -0.004395 0.001649 -0.00622 -0.006514 -0.017614 -0.017 -0.011989 -0.00741 -0.019335 -0.012525 -0.009734 -0.013352 -0.019092 -0.020099 -0.011212 -0.007543 -0.004829 0.001717 -0.008463 -0.015498 -0.007874 0.008654 0.007292 0.005754 0.004073 0.001503 -0.002172 0.002271 0.001608 -0.005021 -0.008278 0.005523 0.003948 0.005353 0.012675 0.016039 0.020635 0.0195 0.024041 0.021835 0.024642 0.024047 0.025087 0.019843 0.014115 0.005005 0.008748 0.008646 -0.005333 -0.007041 -5.56E-4 5.2E-5 6.1E-5 0.001501 0.004442 0.012887 0.016825 0.007367 0.004732 0.010534 0.00644 0.009381 0.009437 -3.08E-4 6.18E-4 -0.00526 -0.003645 -3.87E-4 -0.00548 0.003634 -3.97E-4 -0.002 0.003925 0.005638 0.011045 0.014119 0.023941 0.025414 0.025862 0.028 0.025334 0.019056 0.019102 0.026159 0.025335 0.031282 0.031315 0.024868 0.020066 0.018428 0.015319 0.011231 0.010571 0.011662 0.015016 0.02011 0.019621 0.015528 0.014336 0.012794 0.016258 0.019985 0.017887 0.018391 0.019707 0.017578 0.010431 0.013328 0.012786 0.011922 0.014812 0.015189 0.016447 0.018916 0.01726 0.017606 0.01248 0.009537 0.006695 0.011322 0.009303 0.007131 0.003189 6.16E-4 -0.00307 -0.002137 -0.002652 -0.005576 -0.01033 -0.010976 -0.012375 -0.011935 -0.01636 -0.017138 -0.011959 -0.011674 -0.006458 -0.00716 -0.003038 -5.16E-4 -0.001642 -0.003945 -0.003164 -0.007128 -0.00753 -0.011079 -0.0131 -0.008014 -0.007912 -0.00409 -0.007873 -0.011813 -0.01289 -0.009336 -0.005088 -0.001638 0.003893 -1.65E-4 8.8E-5 0.002242 -0.00321 -0.006092 -0.003326 -0.00746 -0.002029 
comment; null
comment vector; no vectors for these comment tokens
global vector; -0.823737 -0.918938 -0.242639 0.091781 0.038362 0.180547 0.101342 -0.055026 -0.212945 -0.116311 -0.123177 -0.014219 0.013666 -0.041669 -0.019377 -0.023165 -0.032921 0.023319 0.009835 0.037046 -0.009684 -0.10351 -0.036308 -0.037232 -0.017677 0.013352 -0.013125 -0.051306 -0.02912 -0.040316 -0.047792 -0.002513 0.020456 0.046183 0.068898 0.062455 0.05212 0.052823 0.093956 0.08907 0.109059 0.128101 0.147486 0.109621 0.093846 0.093283 0.119551 0.118314 0.128715 0.11344 0.121622 0.111693 0.139872 0.141773 0.136487 0.138462 0.1148 0.138549 0.136115 0.130796 0.136649 0.115945 0.108691 0.090597 0.041974 0.062304 0.069115 0.055365 0.064308 0.073824 0.059867 0.054322 0.054788 0.041156 0.034547 0.029801 0.012796 0.03031 0.012925 0.034098 0.049379 0.062487 0.062046 0.06622 0.057427 0.055452 0.044684 0.031483 0.023807 0.019634 0.011676 0.019749 0.011263 -0.001569 -0.010579 -0.032465 -0.035812 -0.064767 -0.072489 -0.060715 -0.034996 -0.033976 -0.026283 -0.02523 -0.024181 -0.015882 -0.029665 -0.029153 -0.038053 -0.031173 -0.026106 -0.035125 -0.040421 -0.023425 -0.029818 -0.036132 -0.036833 -0.031029 -0.024293 -0.024437 -0.032009 -0.023643 -0.02327 -0.027322 -0.023762 -0.019666 -0.01753 -0.00728 -0.010269 -0.003782 -0.007194 -0.008789 -0.012342 -0.00537 -0.006819 -0.004395 0.001649 -0.00622 -0.006514 -0.017614 -0.017 -0.011989 -0.00741 -0.019335 -0.012525 -0.009734 -0.013352 -0.019092 -0.020099 -0.011212 -0.007543 -0.004829 0.001717 -0.008463 -0.015498 -0.007874 0.008654 0.007292 0.005754 0.004073 0.001503 -0.002172 0.002271 0.001608 -0.005021 -0.008278 0.005523 0.003948 0.005353 0.012675 0.016039 0.020635 0.0195 0.024041 0.021835 0.024642 0.024047 0.025087 0.019843 0.014115 0.005005 0.008748 0.008646 -0.005333 -0.007041 -5.56E-4 5.2E-5 6.1E-5 0.001501 0.004442 0.012887 0.016825 0.007367 0.004732 0.010534 0.00644 0.009381 0.009437 -3.08E-4 6.18E-4 -0.00526 -0.003645 -3.87E-4 -0.00548 0.003634 -3.97E-4 -0.002 0.003925 0.005638 0.011045 0.014119 0.023941 0.025414 0.025862 0.028 0.025334 0.019056 0.019102 0.026159 0.025335 0.031282 0.031315 0.024868 0.020066 0.018428 0.015319 0.011231 0.010571 0.011662 0.015016 0.02011 0.019621 0.015528 0.014336 0.012794 0.016258 0.019985 0.017887 0.018391 0.019707 0.017578 0.010431 0.013328 0.012786 0.011922 0.014812 0.015189 0.016447 0.018916 0.01726 0.017606 0.01248 0.009537 0.006695 0.011322 0.009303 0.007131 0.003189 6.16E-4 -0.00307 -0.002137 -0.002652 -0.005576 -0.01033 -0.010976 -0.012375 -0.011935 -0.01636 -0.017138 -0.011959 -0.011674 -0.006458 -0.00716 -0.003038 -5.16E-4 -0.001642 -0.003945 -0.003164 -0.007128 -0.00753 -0.011079 -0.0131 -0.008014 -0.007912 -0.00409 -0.007873 -0.011813 -0.01289 -0.009336 -0.005088 -0.001638 0.003893 -1.65E-4 8.8E-5 0.002242 -0.00321 -0.006092 -0.003326 -0.00746 -0.002029 


conceptUri; http;//ebiquity.umbc.edu/v2.1/ontology/publication.owl#MastersThesis
label; mastersthesis
label vector; -2.323096 -0.999526 -0.842343 -0.668444 -0.744351 -0.44567 -0.365304 -0.47965 -0.528791 -0.339745 -0.148078 -0.14573 -0.08428 -0.039314 -0.063883 -0.058044 -0.08496 -0.039673 -0.045917 0.009099 0.03225 0.013029 8.9E-4 -0.062282 0.021837 -0.007438 -0.089291 -0.071304 -0.084134 -0.079191 -0.171051 -0.094188 -0.047332 0.013229 0.011966 -0.030932 -0.032808 -0.067778 -0.036199 -0.058524 -0.062116 -0.024687 -0.020483 -0.05748 -0.087065 -0.073565 -0.028241 1.72E-4 -0.001415 0.008558 0.025211 0.007781 0.029604 0.035146 0.033053 0.050244 0.031818 0.007034 0.018477 -8.06E-4 -1.25E-4 -0.002411 0.011107 -0.024792 -0.052301 -0.049573 -0.030864 -0.0463 -0.027768 -0.038842 -0.043021 -0.041626 -0.042046 -0.042342 -0.050065 -0.070159 -0.094578 -0.061683 -0.066361 -0.056627 -0.043755 -0.037388 -0.034896 -0.036799 -0.04322 -0.040877 -0.051217 -0.063422 -0.057835 -0.072502 -0.073742 -0.084438 -0.083684 -0.074787 -0.086472 -0.079595 -0.078664 -0.088002 -0.071344 -0.07622 -0.059971 -0.057849 -0.059296 -0.049356 -0.048776 -0.02806 -0.043416 -0.053433 -0.063098 -0.063012 -0.05375 -0.064404 -0.070302 -0.062138 -0.064026 -0.069675 -0.080116 -0.070783 -0.05217 -0.054815 -0.059519 -0.06436 -0.054246 -0.065086 -0.07004 -0.07292 -0.060298 -0.066109 -0.064323 -0.073935 -0.064844 -0.070564 -0.06337 -0.076974 -0.081993 -0.076049 -0.075483 -0.084388 -0.089419 -0.09361 -0.097251 -0.084635 -0.073306 -0.080559 -0.084674 -0.074827 -0.082548 -0.078894 -0.084715 -0.091377 -0.097096 -0.109715 -0.102181 -0.107508 -0.120783 -0.116043 -0.125267 -0.128789 -0.137431 -0.135321 -0.142513 -0.149924 -0.154121 -0.155969 -0.156503 -0.155458 -0.151195 -0.159065 -0.162863 -0.148443 -0.134861 -0.123009 -0.122528 -0.116676 -0.121988 -0.121326 -0.127556 -0.12442 -0.124087 -0.121126 -0.129366 -0.120258 -0.115332 -0.125017 -0.121325 -0.115731 -0.117163 -0.124946 -0.120352 -0.124208 -0.116444 -0.112713 -0.113232 -0.113505 -0.115396 -0.121402 -0.113955 -0.113849 -0.115379 -0.115259 -0.121243 -0.117685 -0.117692 -0.122905 -0.113071 -0.118623 -0.113603 -0.113034 -0.113502 -0.106939 -0.11245 -0.10922 -0.109842 -0.11082 -0.102476 -0.111732 -0.10604 -0.111359 -0.100407 -0.099175 -0.092968 -0.099617 -0.091131 -0.096284 -0.10601 -0.109291 -0.113093 -0.112744 -0.111671 -0.116903 -0.115486 -0.11344 -0.115074 -0.112446 -0.115096 -0.109141 -0.112301 -0.114264 -0.114791 -0.117729 -0.109478 -0.107779 -0.105437 -0.106288 -0.114533 -0.115394 -0.111645 -0.107629 -0.112665 -0.110402 -0.124158 -0.125478 -0.132827 -0.134181 -0.132863 -0.138887 -0.135183 -0.141281 -0.139906 -0.14437 -0.144935 -0.148847 -0.153276 -0.154681 -0.158103 -0.15371 -0.147659 -0.143371 -0.141576 -0.132849 -0.142593 -0.143339 -0.143355 -0.139246 -0.140876 -0.14201 -0.13229 -0.133706 -0.137077 -0.130454 -0.131959 -0.138646 -0.137275 -0.137237 -0.13553 -0.133271 -0.135985 -0.133418 -0.133918 -0.130357 -0.125315 -0.120369 -0.12448 -0.123256 -0.123648 -0.124421 -0.123572 -0.124694 -0.127748 -0.124736 
comment; null
comment vector; no vectors for these comment tokens
global vector; -2.323096 -0.999526 -0.842343 -0.668444 -0.744351 -0.44567 -0.365304 -0.47965 -0.528791 -0.339745 -0.148078 -0.14573 -0.08428 -0.039314 -0.063883 -0.058044 -0.08496 -0.039673 -0.045917 0.009099 0.03225 0.013029 8.9E-4 -0.062282 0.021837 -0.007438 -0.089291 -0.071304 -0.084134 -0.079191 -0.171051 -0.094188 -0.047332 0.013229 0.011966 -0.030932 -0.032808 -0.067778 -0.036199 -0.058524 -0.062116 -0.024687 -0.020483 -0.05748 -0.087065 -0.073565 -0.028241 1.72E-4 -0.001415 0.008558 0.025211 0.007781 0.029604 0.035146 0.033053 0.050244 0.031818 0.007034 0.018477 -8.06E-4 -1.25E-4 -0.002411 0.011107 -0.024792 -0.052301 -0.049573 -0.030864 -0.0463 -0.027768 -0.038842 -0.043021 -0.041626 -0.042046 -0.042342 -0.050065 -0.070159 -0.094578 -0.061683 -0.066361 -0.056627 -0.043755 -0.037388 -0.034896 -0.036799 -0.04322 -0.040877 -0.051217 -0.063422 -0.057835 -0.072502 -0.073742 -0.084438 -0.083684 -0.074787 -0.086472 -0.079595 -0.078664 -0.088002 -0.071344 -0.07622 -0.059971 -0.057849 -0.059296 -0.049356 -0.048776 -0.02806 -0.043416 -0.053433 -0.063098 -0.063012 -0.05375 -0.064404 -0.070302 -0.062138 -0.064026 -0.069675 -0.080116 -0.070783 -0.05217 -0.054815 -0.059519 -0.06436 -0.054246 -0.065086 -0.07004 -0.07292 -0.060298 -0.066109 -0.064323 -0.073935 -0.064844 -0.070564 -0.06337 -0.076974 -0.081993 -0.076049 -0.075483 -0.084388 -0.089419 -0.09361 -0.097251 -0.084635 -0.073306 -0.080559 -0.084674 -0.074827 -0.082548 -0.078894 -0.084715 -0.091377 -0.097096 -0.109715 -0.102181 -0.107508 -0.120783 -0.116043 -0.125267 -0.128789 -0.137431 -0.135321 -0.142513 -0.149924 -0.154121 -0.155969 -0.156503 -0.155458 -0.151195 -0.159065 -0.162863 -0.148443 -0.134861 -0.123009 -0.122528 -0.116676 -0.121988 -0.121326 -0.127556 -0.12442 -0.124087 -0.121126 -0.129366 -0.120258 -0.115332 -0.125017 -0.121325 -0.115731 -0.117163 -0.124946 -0.120352 -0.124208 -0.116444 -0.112713 -0.113232 -0.113505 -0.115396 -0.121402 -0.113955 -0.113849 -0.115379 -0.115259 -0.121243 -0.117685 -0.117692 -0.122905 -0.113071 -0.118623 -0.113603 -0.113034 -0.113502 -0.106939 -0.11245 -0.10922 -0.109842 -0.11082 -0.102476 -0.111732 -0.10604 -0.111359 -0.100407 -0.099175 -0.092968 -0.099617 -0.091131 -0.096284 -0.10601 -0.109291 -0.113093 -0.112744 -0.111671 -0.116903 -0.115486 -0.11344 -0.115074 -0.112446 -0.115096 -0.109141 -0.112301 -0.114264 -0.114791 -0.117729 -0.109478 -0.107779 -0.105437 -0.106288 -0.114533 -0.115394 -0.111645 -0.107629 -0.112665 -0.110402 -0.124158 -0.125478 -0.132827 -0.134181 -0.132863 -0.138887 -0.135183 -0.141281 -0.139906 -0.14437 -0.144935 -0.148847 -0.153276 -0.154681 -0.158103 -0.15371 -0.147659 -0.143371 -0.141576 -0.132849 -0.142593 -0.143339 -0.143355 -0.139246 -0.140876 -0.14201 -0.13229 -0.133706 -0.137077 -0.130454 -0.131959 -0.138646 -0.137275 -0.137237 -0.13553 -0.133271 -0.135985 -0.133418 -0.133918 -0.130357 -0.125315 -0.120369 -0.12448 -0.123256 -0.123648 -0.124421 -0.123572 -0.124694 -0.127748 -0.124736 


conceptUri; http;//ebiquity.umbc.edu/v2.1/ontology/publication.owl#InCollection
label; incollection
label vector; 0.748417 0.426839 0.386835 0.158788 0.130447 0.16553 0.165481 0.215339 0.217156 0.314424 0.264993 0.276322 0.286152 0.13067 0.088593 0.112582 0.109811 0.126449 0.127843 0.083026 0.083502 0.040381 0.069067 0.063394 0.039058 0.078339 0.105306 0.065708 0.07688 0.029616 0.024782 0.06436 0.077774 0.047285 0.071364 0.046397 0.057217 0.095807 0.108739 0.131752 0.172429 0.177627 0.19941 0.17249 0.150816 0.150869 0.168829 0.167675 0.193655 0.153472 0.16878 0.171703 0.210955 0.217232 0.209344 0.205617 0.173429 0.18575 0.184966 0.190162 0.209594 0.205461 0.177314 0.174511 0.151191 0.177372 0.183412 0.174054 0.15584 0.160072 0.161633 0.155692 0.12932 0.11364 0.096955 0.089273 0.079652 0.100626 0.075801 0.107741 0.112425 0.116226 0.092626 0.097968 0.09123 0.094483 0.090521 0.088735 0.085529 0.08018 0.073876 0.073038 0.062875 0.04713 0.051113 0.036148 0.023554 0.010479 -0.004903 -0.00207 0.013068 0.007512 0.01072 0.016179 0.029435 0.036 0.017127 0.011276 0.0061 0.011266 0.007556 0.002478 -0.003412 0.008461 -0.007484 -0.005886 -0.008338 -0.00318 0.008929 0.013886 0.010635 0.020998 0.013143 0.012591 0.015381 0.015877 0.017973 0.016777 0.013096 0.018832 0.019998 0.016611 0.008432 0.015603 0.01414 0.025494 0.034472 0.03007 0.02389 0.015328 0.015388 0.015739 0.013525 0.004559 0.008249 0.016015 0.022995 0.022991 0.014442 0.019072 0.021478 0.026118 0.028366 0.016823 0.014594 0.018534 0.034557 0.03659 0.035823 0.029961 0.025002 0.013043 0.018443 0.014594 0.009725 0.003348 0.00919 0.011174 0.021159 0.026614 0.025181 0.019715 0.015716 0.023001 0.020603 0.015751 0.012722 0.020522 0.019019 0.010417 0.001672 0.00214 -0.004569 -0.011342 -0.016134 -0.01029 -0.017252 -0.016246 -0.017475 -0.016185 -0.006677 -0.004576 -0.015031 -0.011924 -0.002082 0.001061 0.001146 -0.005089 -0.011373 -0.007944 -0.014487 -0.011273 -0.009224 -0.015277 -0.0115 -0.011671 -0.014203 -0.008787 -0.005091 1.0E-5 0.004354 0.010872 0.009747 0.008731 0.008344 0.001435 0.001993 0.003308 0.010595 0.011839 0.016829 0.011325 0.008974 0.005222 6.98E-4 -0.001709 -0.006947 -0.006768 -0.007138 -0.005009 -0.003239 -0.007567 -0.006053 -0.00974 -0.006242 -0.005778 -0.00616 -0.007225 -0.003438 -0.007879 -0.006004 -0.010344 -0.010427 -0.005576 -0.006498 -0.001723 9.66E-4 -9.73E-4 6.96E-4 1.62E-4 0.005627 0.001822 -0.007697 -0.013868 -0.010242 -0.014789 -0.018577 -0.023536 -0.025138 -0.026248 -0.024864 -0.022817 -0.025948 -0.02798 -0.024483 -0.026452 -0.023754 -0.021922 -0.019012 -0.011227 -0.014627 -0.011153 -0.011925 -0.006701 -0.004837 -0.002946 -0.006161 -0.003624 -0.006015 -0.007336 -0.008264 -0.007234 -0.010235 -0.006868 -0.004223 -0.006427 -0.009517 -0.014751 -0.01431 -0.010085 -0.009166 -0.004207 -0.006347 -0.011018 -0.011797 -0.011606 -0.012581 -0.00982 -0.014645 -0.012027 
comment; null
comment vector; no vectors for these comment tokens
global vector; 0.748417 0.426839 0.386835 0.158788 0.130447 0.16553 0.165481 0.215339 0.217156 0.314424 0.264993 0.276322 0.286152 0.13067 0.088593 0.112582 0.109811 0.126449 0.127843 0.083026 0.083502 0.040381 0.069067 0.063394 0.039058 0.078339 0.105306 0.065708 0.07688 0.029616 0.024782 0.06436 0.077774 0.047285 0.071364 0.046397 0.057217 0.095807 0.108739 0.131752 0.172429 0.177627 0.19941 0.17249 0.150816 0.150869 0.168829 0.167675 0.193655 0.153472 0.16878 0.171703 0.210955 0.217232 0.209344 0.205617 0.173429 0.18575 0.184966 0.190162 0.209594 0.205461 0.177314 0.174511 0.151191 0.177372 0.183412 0.174054 0.15584 0.160072 0.161633 0.155692 0.12932 0.11364 0.096955 0.089273 0.079652 0.100626 0.075801 0.107741 0.112425 0.116226 0.092626 0.097968 0.09123 0.094483 0.090521 0.088735 0.085529 0.08018 0.073876 0.073038 0.062875 0.04713 0.051113 0.036148 0.023554 0.010479 -0.004903 -0.00207 0.013068 0.007512 0.01072 0.016179 0.029435 0.036 0.017127 0.011276 0.0061 0.011266 0.007556 0.002478 -0.003412 0.008461 -0.007484 -0.005886 -0.008338 -0.00318 0.008929 0.013886 0.010635 0.020998 0.013143 0.012591 0.015381 0.015877 0.017973 0.016777 0.013096 0.018832 0.019998 0.016611 0.008432 0.015603 0.01414 0.025494 0.034472 0.03007 0.02389 0.015328 0.015388 0.015739 0.013525 0.004559 0.008249 0.016015 0.022995 0.022991 0.014442 0.019072 0.021478 0.026118 0.028366 0.016823 0.014594 0.018534 0.034557 0.03659 0.035823 0.029961 0.025002 0.013043 0.018443 0.014594 0.009725 0.003348 0.00919 0.011174 0.021159 0.026614 0.025181 0.019715 0.015716 0.023001 0.020603 0.015751 0.012722 0.020522 0.019019 0.010417 0.001672 0.00214 -0.004569 -0.011342 -0.016134 -0.01029 -0.017252 -0.016246 -0.017475 -0.016185 -0.006677 -0.004576 -0.015031 -0.011924 -0.002082 0.001061 0.001146 -0.005089 -0.011373 -0.007944 -0.014487 -0.011273 -0.009224 -0.015277 -0.0115 -0.011671 -0.014203 -0.008787 -0.005091 1.0E-5 0.004354 0.010872 0.009747 0.008731 0.008344 0.001435 0.001993 0.003308 0.010595 0.011839 0.016829 0.011325 0.008974 0.005222 6.98E-4 -0.001709 -0.006947 -0.006768 -0.007138 -0.005009 -0.003239 -0.007567 -0.006053 -0.00974 -0.006242 -0.005778 -0.00616 -0.007225 -0.003438 -0.007879 -0.006004 -0.010344 -0.010427 -0.005576 -0.006498 -0.001723 9.66E-4 -9.73E-4 6.96E-4 1.62E-4 0.005627 0.001822 -0.007697 -0.013868 -0.010242 -0.014789 -0.018577 -0.023536 -0.025138 -0.026248 -0.024864 -0.022817 -0.025948 -0.02798 -0.024483 -0.026452 -0.023754 -0.021922 -0.019012 -0.011227 -0.014627 -0.011153 -0.011925 -0.006701 -0.004837 -0.002946 -0.006161 -0.003624 -0.006015 -0.007336 -0.008264 -0.007234 -0.010235 -0.006868 -0.004223 -0.006427 -0.009517 -0.014751 -0.01431 -0.010085 -0.009166 -0.004207 -0.006347 -0.011018 -0.011797 -0.011606 -0.012581 -0.00982 -0.014645 -0.012027 


conceptUri; http;//ebiquity.umbc.edu/v2.1/ontology/publication.owl#Project
label; project
label vector; 0.893201 -0.252546 -0.180892 -0.443425 -0.068507 0.467207 -0.652756 0.706758 2.328276 1.102928 0.223937 0.718829 0.474551 0.532017 0.303659 -1.15262 1.338944 0.802704 -1.779345 -1.494374 -0.063739 -0.265529 -1.983107 -1.00229 -1.079373 3.286288 -0.848388 -1.27372 -0.720575 -0.017227 -0.554543 0.364741 3.126535 1.40173 2.523159 -1.759263 1.090672 -1.246287 0.895266 1.7968 -0.407974 -0.834457 1.53486 1.077602 1.525409 -2.749035 -0.918777 0.020715 1.298021 -0.464018 1.967629 -0.505674 0.403739 -0.772317 -0.066043 0.141004 -0.645403 -0.298499 0.093043 0.153625 2.97242 0.515365 0.909217 -1.779369 1.688119 -0.74286 0.970137 -0.475966 -0.897576 -1.755056 0.127027 0.314862 1.013059 0.383361 -0.71583 -1.687538 -1.623694 1.41682 0.810268 0.44995 1.353112 -1.40266 0.304692 0.184631 1.394512 1.049014 -0.098582 1.987266 1.604427 -0.609844 -1.167193 0.633308 1.282328 1.904947 0.084141 -0.323279 -0.336941 0.440122 -2.247953 2.23293 0.517685 1.805984 -0.680242 -0.276187 0.635428 1.056486 -4.152458 -1.066624 -0.604747 -1.64435 0.280544 -0.969082 -2.597228 -1.142259 1.037838 -0.119586 -0.740648 -0.322584 -2.354071 -0.904679 0.490974 -1.079031 -2.18433 -2.882311 -1.812859 -1.762065 -0.040915 -0.627013 2.200796 1.086519 0.263161 1.148673 -0.42273 -1.032338 -1.768257 -0.61229 0.219773 -1.143223 -0.142018 -0.952011 1.590878 0.131855 1.432342 -2.027775 0.669665 1.986359 0.434117 0.678217 -2.766105 -0.215262 -2.800098 -1.629339 1.007605 -0.380257 -0.417135 -0.232655 -1.884332 1.797073 -0.696927 -0.958408 -1.765939 1.240403 0.463541 -0.496564 -1.744075 1.286076 -1.693838 1.622384 0.729203 1.466366 -0.830819 1.334896 0.696891 1.297766 0.251307 0.714164 -1.118693 1.005051 -0.276859 -1.53287 0.476496 1.585094 -0.612293 -0.952502 1.738654 2.445563 1.739152 0.080901 0.645176 -0.146476 1.857251 -0.694577 -2.01983 -1.09675 1.038185 0.121155 -0.156893 -0.059502 -3.904114 1.10005 -2.021837 0.24033 2.302292 1.833408 0.740427 -2.304961 -0.014882 -0.22629 -1.263161 0.571555 -0.496015 1.304007 -0.712215 -2.607322 -1.539245 -1.019793 -1.003136 -0.880818 2.761684 -0.550142 -0.870839 -0.521579 -0.594728 -0.818856 -1.267685 0.8502 -2.756701 -0.480322 0.474913 -0.631312 1.116682 -0.017836 -0.322014 1.572795 0.401297 0.31059 -3.183041 0.073956 0.047128 -2.292706 2.071226 -0.392759 -3.024747 -0.414751 -3.816744 -1.079978 0.317582 -0.2042 -2.362514 2.254157 2.993826 -0.283551 -1.417554 -0.278955 -1.76978 -1.089366 1.033507 0.042845 -1.247078 0.977305 -1.505945 0.667128 -1.882708 -2.721292 -0.562857 0.901565 1.414461 0.800485 2.489133 -0.362081 -0.590862 -1.824887 -0.326417 -0.474337 1.833623 1.073311 0.399924 -1.78889 -0.808353 -0.353311 -0.466522 -1.090401 1.15922 0.152445 -1.714426 -0.034796 2.516904 -0.433387 0.75012 1.101536 -1.093375 2.343184 -0.433704 -0.543425 -0.235466 -1.33127 -2.487517 -1.458599 -0.874511 1.29176 
comment; null
comment vector; no vectors for these comment tokens
global vector; 0.893201 -0.252546 -0.180892 -0.443425 -0.068507 0.467207 -0.652756 0.706758 2.328276 1.102928 0.223937 0.718829 0.474551 0.532017 0.303659 -1.15262 1.338944 0.802704 -1.779345 -1.494374 -0.063739 -0.265529 -1.983107 -1.00229 -1.079373 3.286288 -0.848388 -1.27372 -0.720575 -0.017227 -0.554543 0.364741 3.126535 1.40173 2.523159 -1.759263 1.090672 -1.246287 0.895266 1.7968 -0.407974 -0.834457 1.53486 1.077602 1.525409 -2.749035 -0.918777 0.020715 1.298021 -0.464018 1.967629 -0.505674 0.403739 -0.772317 -0.066043 0.141004 -0.645403 -0.298499 0.093043 0.153625 2.97242 0.515365 0.909217 -1.779369 1.688119 -0.74286 0.970137 -0.475966 -0.897576 -1.755056 0.127027 0.314862 1.013059 0.383361 -0.71583 -1.687538 -1.623694 1.41682 0.810268 0.44995 1.353112 -1.40266 0.304692 0.184631 1.394512 1.049014 -0.098582 1.987266 1.604427 -0.609844 -1.167193 0.633308 1.282328 1.904947 0.084141 -0.323279 -0.336941 0.440122 -2.247953 2.23293 0.517685 1.805984 -0.680242 -0.276187 0.635428 1.056486 -4.152458 -1.066624 -0.604747 -1.64435 0.280544 -0.969082 -2.597228 -1.142259 1.037838 -0.119586 -0.740648 -0.322584 -2.354071 -0.904679 0.490974 -1.079031 -2.18433 -2.882311 -1.812859 -1.762065 -0.040915 -0.627013 2.200796 1.086519 0.263161 1.148673 -0.42273 -1.032338 -1.768257 -0.61229 0.219773 -1.143223 -0.142018 -0.952011 1.590878 0.131855 1.432342 -2.027775 0.669665 1.986359 0.434117 0.678217 -2.766105 -0.215262 -2.800098 -1.629339 1.007605 -0.380257 -0.417135 -0.232655 -1.884332 1.797073 -0.696927 -0.958408 -1.765939 1.240403 0.463541 -0.496564 -1.744075 1.286076 -1.693838 1.622384 0.729203 1.466366 -0.830819 1.334896 0.696891 1.297766 0.251307 0.714164 -1.118693 1.005051 -0.276859 -1.53287 0.476496 1.585094 -0.612293 -0.952502 1.738654 2.445563 1.739152 0.080901 0.645176 -0.146476 1.857251 -0.694577 -2.01983 -1.09675 1.038185 0.121155 -0.156893 -0.059502 -3.904114 1.10005 -2.021837 0.24033 2.302292 1.833408 0.740427 -2.304961 -0.014882 -0.22629 -1.263161 0.571555 -0.496015 1.304007 -0.712215 -2.607322 -1.539245 -1.019793 -1.003136 -0.880818 2.761684 -0.550142 -0.870839 -0.521579 -0.594728 -0.818856 -1.267685 0.8502 -2.756701 -0.480322 0.474913 -0.631312 1.116682 -0.017836 -0.322014 1.572795 0.401297 0.31059 -3.183041 0.073956 0.047128 -2.292706 2.071226 -0.392759 -3.024747 -0.414751 -3.816744 -1.079978 0.317582 -0.2042 -2.362514 2.254157 2.993826 -0.283551 -1.417554 -0.278955 -1.76978 -1.089366 1.033507 0.042845 -1.247078 0.977305 -1.505945 0.667128 -1.882708 -2.721292 -0.562857 0.901565 1.414461 0.800485 2.489133 -0.362081 -0.590862 -1.824887 -0.326417 -0.474337 1.833623 1.073311 0.399924 -1.78889 -0.808353 -0.353311 -0.466522 -1.090401 1.15922 0.152445 -1.714426 -0.034796 2.516904 -0.433387 0.75012 1.101536 -1.093375 2.343184 -0.433704 -0.543425 -0.235466 -1.33127 -2.487517 -1.458599 -0.874511 1.29176 


conceptUri; http;//ebiquity.umbc.edu/v2.1/ontology/publication.owl#PhdThesis
label; phdthesis
label vector; -3.408176 -1.804729 -1.349232 -0.961052 -0.842291 -0.459373 -0.488042 -0.573529 -0.717076 -0.403511 -0.286687 -0.38125 -0.320867 -0.15043 -0.198194 -0.181443 -0.204196 -0.140942 -0.109677 -0.092031 -0.082788 -0.067183 -0.084829 -0.148806 -0.073327 -0.140641 -0.240206 -0.261471 -0.296409 -0.324341 -0.43043 -0.345675 -0.242018 -0.156999 -0.161952 -0.225495 -0.242254 -0.315635 -0.27127 -0.302578 -0.315316 -0.24729 -0.262939 -0.313063 -0.34322 -0.342808 -0.320319 -0.262523 -0.286983 -0.272278 -0.242511 -0.267124 -0.226854 -0.200315 -0.205503 -0.160371 -0.181936 -0.190849 -0.150754 -0.157241 -0.159208 -0.166045 -0.145945 -0.18426 -0.19997 -0.176219 -0.165488 -0.190086 -0.156658 -0.175205 -0.185453 -0.165257 -0.156004 -0.17733 -0.183534 -0.20197 -0.222305 -0.180432 -0.187197 -0.177803 -0.160893 -0.147173 -0.138869 -0.120089 -0.13009 -0.133542 -0.12412 -0.116294 -0.112934 -0.111954 -0.106372 -0.116395 -0.100123 -0.081522 -0.101921 -0.108132 -0.093761 -0.092582 -0.073499 -0.072141 -0.064714 -0.046641 -0.051461 -0.041043 -0.03392 -0.015986 -0.037613 -0.040291 -0.071736 -0.081158 -0.076488 -0.088664 -0.10936 -0.105817 -0.088582 -0.101484 -0.117323 -0.100512 -0.086232 -0.096935 -0.10486 -0.101417 -0.094697 -0.117307 -0.125255 -0.126206 -0.12051 -0.117598 -0.110199 -0.115279 -0.10611 -0.108213 -0.094658 -0.109536 -0.115948 -0.102684 -0.110269 -0.116685 -0.13457 -0.149212 -0.153952 -0.148797 -0.135957 -0.143435 -0.148162 -0.128692 -0.136385 -0.132016 -0.137902 -0.141576 -0.145463 -0.158475 -0.14774 -0.153952 -0.169686 -0.167473 -0.182896 -0.191045 -0.196354 -0.191506 -0.202037 -0.199773 -0.203519 -0.209095 -0.214572 -0.213295 -0.217957 -0.226535 -0.233497 -0.214108 -0.201737 -0.180238 -0.180459 -0.181722 -0.194279 -0.193756 -0.204021 -0.197508 -0.202371 -0.196088 -0.197191 -0.189973 -0.181479 -0.189341 -0.186211 -0.182897 -0.183 -0.196173 -0.191929 -0.19084 -0.175055 -0.165273 -0.168741 -0.164696 -0.168138 -0.169458 -0.15924 -0.155405 -0.153464 -0.154497 -0.150086 -0.140982 -0.143655 -0.143993 -0.134339 -0.139831 -0.130813 -0.128525 -0.126314 -0.117519 -0.126172 -0.122976 -0.116292 -0.12257 -0.11784 -0.135434 -0.125367 -0.128845 -0.111153 -0.111612 -0.103998 -0.11019 -0.10657 -0.110921 -0.120254 -0.113557 -0.117544 -0.109935 -0.121178 -0.127339 -0.127052 -0.125998 -0.131866 -0.130707 -0.130831 -0.120742 -0.123086 -0.122353 -0.121448 -0.124461 -0.111381 -0.111523 -0.112417 -0.109869 -0.115225 -0.118753 -0.113427 -0.105105 -0.113325 -0.103417 -0.121334 -0.125112 -0.137412 -0.143574 -0.144013 -0.14704 -0.140647 -0.151068 -0.150989 -0.157316 -0.157681 -0.163502 -0.166798 -0.170804 -0.174042 -0.170573 -0.162148 -0.158155 -0.15438 -0.145426 -0.157759 -0.157649 -0.151351 -0.144402 -0.144247 -0.146432 -0.133522 -0.14167 -0.141403 -0.129534 -0.133199 -0.137343 -0.136611 -0.12605 -0.123671 -0.122374 -0.122738 -0.114658 -0.118978 -0.114027 -0.105055 -0.101156 -0.100732 -0.098388 -0.102222 -0.105369 -0.103119 -0.10566 -0.111059 -0.106222 
comment; null
comment vector; no vectors for these comment tokens
global vector; -3.408176 -1.804729 -1.349232 -0.961052 -0.842291 -0.459373 -0.488042 -0.573529 -0.717076 -0.403511 -0.286687 -0.38125 -0.320867 -0.15043 -0.198194 -0.181443 -0.204196 -0.140942 -0.109677 -0.092031 -0.082788 -0.067183 -0.084829 -0.148806 -0.073327 -0.140641 -0.240206 -0.261471 -0.296409 -0.324341 -0.43043 -0.345675 -0.242018 -0.156999 -0.161952 -0.225495 -0.242254 -0.315635 -0.27127 -0.302578 -0.315316 -0.24729 -0.262939 -0.313063 -0.34322 -0.342808 -0.320319 -0.262523 -0.286983 -0.272278 -0.242511 -0.267124 -0.226854 -0.200315 -0.205503 -0.160371 -0.181936 -0.190849 -0.150754 -0.157241 -0.159208 -0.166045 -0.145945 -0.18426 -0.19997 -0.176219 -0.165488 -0.190086 -0.156658 -0.175205 -0.185453 -0.165257 -0.156004 -0.17733 -0.183534 -0.20197 -0.222305 -0.180432 -0.187197 -0.177803 -0.160893 -0.147173 -0.138869 -0.120089 -0.13009 -0.133542 -0.12412 -0.116294 -0.112934 -0.111954 -0.106372 -0.116395 -0.100123 -0.081522 -0.101921 -0.108132 -0.093761 -0.092582 -0.073499 -0.072141 -0.064714 -0.046641 -0.051461 -0.041043 -0.03392 -0.015986 -0.037613 -0.040291 -0.071736 -0.081158 -0.076488 -0.088664 -0.10936 -0.105817 -0.088582 -0.101484 -0.117323 -0.100512 -0.086232 -0.096935 -0.10486 -0.101417 -0.094697 -0.117307 -0.125255 -0.126206 -0.12051 -0.117598 -0.110199 -0.115279 -0.10611 -0.108213 -0.094658 -0.109536 -0.115948 -0.102684 -0.110269 -0.116685 -0.13457 -0.149212 -0.153952 -0.148797 -0.135957 -0.143435 -0.148162 -0.128692 -0.136385 -0.132016 -0.137902 -0.141576 -0.145463 -0.158475 -0.14774 -0.153952 -0.169686 -0.167473 -0.182896 -0.191045 -0.196354 -0.191506 -0.202037 -0.199773 -0.203519 -0.209095 -0.214572 -0.213295 -0.217957 -0.226535 -0.233497 -0.214108 -0.201737 -0.180238 -0.180459 -0.181722 -0.194279 -0.193756 -0.204021 -0.197508 -0.202371 -0.196088 -0.197191 -0.189973 -0.181479 -0.189341 -0.186211 -0.182897 -0.183 -0.196173 -0.191929 -0.19084 -0.175055 -0.165273 -0.168741 -0.164696 -0.168138 -0.169458 -0.15924 -0.155405 -0.153464 -0.154497 -0.150086 -0.140982 -0.143655 -0.143993 -0.134339 -0.139831 -0.130813 -0.128525 -0.126314 -0.117519 -0.126172 -0.122976 -0.116292 -0.12257 -0.11784 -0.135434 -0.125367 -0.128845 -0.111153 -0.111612 -0.103998 -0.11019 -0.10657 -0.110921 -0.120254 -0.113557 -0.117544 -0.109935 -0.121178 -0.127339 -0.127052 -0.125998 -0.131866 -0.130707 -0.130831 -0.120742 -0.123086 -0.122353 -0.121448 -0.124461 -0.111381 -0.111523 -0.112417 -0.109869 -0.115225 -0.118753 -0.113427 -0.105105 -0.113325 -0.103417 -0.121334 -0.125112 -0.137412 -0.143574 -0.144013 -0.14704 -0.140647 -0.151068 -0.150989 -0.157316 -0.157681 -0.163502 -0.166798 -0.170804 -0.174042 -0.170573 -0.162148 -0.158155 -0.15438 -0.145426 -0.157759 -0.157649 -0.151351 -0.144402 -0.144247 -0.146432 -0.133522 -0.14167 -0.141403 -0.129534 -0.133199 -0.137343 -0.136611 -0.12605 -0.123671 -0.122374 -0.122738 -0.114658 -0.118978 -0.114027 -0.105055 -0.101156 -0.100732 -0.098388 -0.102222 -0.105369 -0.103119 -0.10566 -0.111059 -0.106222 


conceptUri; http;//ebiquity.umbc.edu/v2.1/ontology/publication.owl#Resource
label; resource
label vector; 1.107958 3.263161 -0.91977 0.236049 0.365842 1.933546 -1.351997 -0.450869 -0.122931 2.71351 -0.907661 -1.892451 -1.307082 1.150683 0.668354 -1.600628 0.533195 -0.422098 -0.888335 -0.208482 -1.644085 -0.636971 0.446472 0.39749 -1.104132 0.785116 -2.941697 0.447427 -0.52073 0.451596 -2.488894 1.765439 -0.211574 1.612824 1.196852 -2.478646 -2.266761 0.845473 2.053071 1.802751 -0.552284 -0.251581 2.047133 1.012701 0.05576 -2.475583 -0.393308 2.845795 1.219647 -2.098584 0.13265 1.113425 0.338638 0.838229 -2.555698 -0.938979 -0.366527 -1.97552 0.465133 0.314175 0.554048 0.886741 0.011106 -1.125713 1.315769 -0.432373 2.476813 -0.541437 -1.783474 -1.09573 1.236102 0.693846 0.134224 -1.09478 0.019892 -0.724283 -0.78057 1.684855 -0.834356 1.080001 0.39088 -1.233199 -1.333888 -0.956347 2.655292 -0.364968 0.739918 -0.707089 0.08507 2.243663 -0.236673 -0.044913 -1.682721 0.610075 1.36831 0.513763 1.554276 0.396334 -1.122806 -2.425262 2.135484 1.590235 0.319781 0.798605 1.601933 1.577046 -3.430993 -0.091144 0.543045 -1.474406 -0.456935 1.015094 -1.807745 -1.767193 2.401324 0.295621 0.441717 -0.30926 -0.591228 -3.769453 0.162441 0.119654 -3.508669 -0.681201 -2.290442 3.010491 -1.251523 -0.934524 0.613976 0.597174 2.892492 -1.123409 0.524711 -1.079518 0.96741 -0.283812 1.620439 0.906091 -1.410223 0.086383 1.735274 0.507191 -0.638458 -2.817569 -0.402853 -0.046016 -0.441471 0.743471 -1.860617 0.575505 0.251777 0.707351 -0.73914 1.220802 -0.670024 -0.388683 0.639596 -1.971543 -0.564884 2.433986 -0.672679 2.353401 0.38744 -1.62885 -2.02495 -0.030645 1.073336 1.33282 -0.752012 -1.675114 -1.300082 -0.321729 1.068362 -0.908971 0.173608 -0.559785 -2.66063 1.727943 -2.179844 -1.410599 -0.13408 -2.338937 -0.574666 1.387761 -0.104877 -2.145974 -0.188588 0.307911 0.965303 -1.657084 2.231844 0.643649 -2.079182 -0.369376 0.438617 2.671055 -0.293821 0.518799 -1.328152 3.733288 1.515926 -1.019666 1.595635 -1.053669 0.35504 0.800435 2.390626 3.487208 -0.427707 -1.624591 -0.514418 1.373973 -0.631486 -1.362552 0.308362 -0.751666 -1.131943 1.206824 2.111761 -0.667846 -0.012646 -1.36981 -1.389005 -2.340514 2.876698 1.591878 -1.555296 0.007818 2.71999 1.530553 -0.101833 0.738346 1.044592 0.418803 1.181844 -1.098091 -1.449481 -0.324837 -0.291007 0.179208 1.045383 0.462524 -0.799741 -1.614395 -1.876363 2.114175 -0.784194 -3.206883 0.066322 1.283551 0.332558 0.13051 -0.734651 0.178609 -2.39244 2.605709 -0.870758 2.605463 -2.338 1.368237 -2.8333 -0.254169 0.274548 -0.302023 0.840826 -0.298141 2.054861 -1.083918 0.545686 1.795905 -0.410749 -1.005443 0.405721 0.413082 1.151055 -0.668528 -0.268867 0.572152 -1.013085 0.53556 -0.612515 0.219209 -0.17073 2.513598 -2.318462 3.146332 0.676742 0.71256 0.729992 1.515379 -0.96835 -1.989253 -1.781483 -0.164985 -1.733079 -0.042845 -1.925934 -1.288554 0.230803 -1.551614 
comment; null
comment vector; no vectors for these comment tokens
global vector; 1.107958 3.263161 -0.91977 0.236049 0.365842 1.933546 -1.351997 -0.450869 -0.122931 2.71351 -0.907661 -1.892451 -1.307082 1.150683 0.668354 -1.600628 0.533195 -0.422098 -0.888335 -0.208482 -1.644085 -0.636971 0.446472 0.39749 -1.104132 0.785116 -2.941697 0.447427 -0.52073 0.451596 -2.488894 1.765439 -0.211574 1.612824 1.196852 -2.478646 -2.266761 0.845473 2.053071 1.802751 -0.552284 -0.251581 2.047133 1.012701 0.05576 -2.475583 -0.393308 2.845795 1.219647 -2.098584 0.13265 1.113425 0.338638 0.838229 -2.555698 -0.938979 -0.366527 -1.97552 0.465133 0.314175 0.554048 0.886741 0.011106 -1.125713 1.315769 -0.432373 2.476813 -0.541437 -1.783474 -1.09573 1.236102 0.693846 0.134224 -1.09478 0.019892 -0.724283 -0.78057 1.684855 -0.834356 1.080001 0.39088 -1.233199 -1.333888 -0.956347 2.655292 -0.364968 0.739918 -0.707089 0.08507 2.243663 -0.236673 -0.044913 -1.682721 0.610075 1.36831 0.513763 1.554276 0.396334 -1.122806 -2.425262 2.135484 1.590235 0.319781 0.798605 1.601933 1.577046 -3.430993 -0.091144 0.543045 -1.474406 -0.456935 1.015094 -1.807745 -1.767193 2.401324 0.295621 0.441717 -0.30926 -0.591228 -3.769453 0.162441 0.119654 -3.508669 -0.681201 -2.290442 3.010491 -1.251523 -0.934524 0.613976 0.597174 2.892492 -1.123409 0.524711 -1.079518 0.96741 -0.283812 1.620439 0.906091 -1.410223 0.086383 1.735274 0.507191 -0.638458 -2.817569 -0.402853 -0.046016 -0.441471 0.743471 -1.860617 0.575505 0.251777 0.707351 -0.73914 1.220802 -0.670024 -0.388683 0.639596 -1.971543 -0.564884 2.433986 -0.672679 2.353401 0.38744 -1.62885 -2.02495 -0.030645 1.073336 1.33282 -0.752012 -1.675114 -1.300082 -0.321729 1.068362 -0.908971 0.173608 -0.559785 -2.66063 1.727943 -2.179844 -1.410599 -0.13408 -2.338937 -0.574666 1.387761 -0.104877 -2.145974 -0.188588 0.307911 0.965303 -1.657084 2.231844 0.643649 -2.079182 -0.369376 0.438617 2.671055 -0.293821 0.518799 -1.328152 3.733288 1.515926 -1.019666 1.595635 -1.053669 0.35504 0.800435 2.390626 3.487208 -0.427707 -1.624591 -0.514418 1.373973 -0.631486 -1.362552 0.308362 -0.751666 -1.131943 1.206824 2.111761 -0.667846 -0.012646 -1.36981 -1.389005 -2.340514 2.876698 1.591878 -1.555296 0.007818 2.71999 1.530553 -0.101833 0.738346 1.044592 0.418803 1.181844 -1.098091 -1.449481 -0.324837 -0.291007 0.179208 1.045383 0.462524 -0.799741 -1.614395 -1.876363 2.114175 -0.784194 -3.206883 0.066322 1.283551 0.332558 0.13051 -0.734651 0.178609 -2.39244 2.605709 -0.870758 2.605463 -2.338 1.368237 -2.8333 -0.254169 0.274548 -0.302023 0.840826 -0.298141 2.054861 -1.083918 0.545686 1.795905 -0.410749 -1.005443 0.405721 0.413082 1.151055 -0.668528 -0.268867 0.572152 -1.013085 0.53556 -0.612515 0.219209 -0.17073 2.513598 -2.318462 3.146332 0.676742 0.71256 0.729992 1.515379 -0.96835 -1.989253 -1.781483 -0.164985 -1.733079 -0.042845 -1.925934 -1.288554 0.230803 -1.551614 


conceptUri; http;//ebiquity.umbc.edu/v2.1/ontology/publication.owl#InProceedings
label; inproceedings
label vector; 0.173131 -0.527065 -0.266769 -0.203764 -0.166213 -0.141082 -0.094173 -0.069712 -0.094102 -0.039684 -0.022116 -0.039929 -0.034295 -0.075639 -0.092067 -0.10113 -0.080113 -0.055742 -0.105081 -0.111337 -0.144001 -0.139141 -0.04675 -0.004815 -0.029206 -0.058068 -0.060332 -0.081161 -0.082892 -0.111039 -0.091901 -0.060881 -0.07563 -0.049271 -0.050226 -0.061801 -0.097957 -0.084768 -0.067709 -0.03337 -0.021758 -0.034534 0.00121 -0.022112 -0.004452 -0.013411 -0.047331 -0.058081 -0.040119 -0.040728 -0.036982 -0.05004 -0.03431 -0.053648 -0.066183 -0.080517 -0.095805 -0.05642 -0.054578 -0.053743 -0.037275 -0.045773 -0.027159 -0.010289 -0.027253 -0.031677 -0.034063 -0.05374 -0.075664 -0.092712 -0.096659 -0.105829 -0.097483 -0.097539 -0.107591 -0.098255 -0.098588 -0.075918 -0.086296 -0.065323 -0.05948 -0.049474 -0.049434 -0.055076 -0.054954 -0.050005 -0.062043 -0.070731 -0.067161 -0.070136 -0.063742 -0.068018 -0.088924 -0.090396 -0.099762 -0.090293 -0.095012 -0.097113 -0.08411 -0.072898 -0.078883 -0.084925 -0.082945 -0.094175 -0.095528 -0.089949 -0.097057 -0.10684 -0.097204 -0.091111 -0.085086 -0.083508 -0.083849 -0.08127 -0.09079 -0.088858 -0.087538 -0.081066 -0.071724 -0.083798 -0.088007 -0.068302 -0.069532 -0.050733 -0.03149 -0.038211 -0.034405 -0.023686 -0.024672 -0.018181 -0.020872 -0.01972 -0.036744 -0.033446 -0.040476 -0.02622 -0.017653 -0.015372 -0.019734 -0.02665 -0.025489 -0.020598 -0.024575 -0.026314 -0.021612 -0.024235 -0.033098 -0.03437 -0.032058 -0.013137 -0.012009 -0.004132 0.001165 9.57E-4 -0.002939 -0.003883 0.002404 0.012185 0.007378 0.007874 0.010975 0.014998 0.024718 0.016076 0.014732 0.016721 0.018801 0.022775 0.029879 0.032431 0.049544 0.044707 0.038038 0.039756 0.042896 0.041519 0.03391 0.035378 0.042174 0.038916 0.031638 0.027759 0.027099 0.022725 0.027924 0.032354 0.030187 0.036102 0.035607 0.0341 0.039581 0.040921 0.039069 0.039371 0.039994 0.035307 0.030903 0.027945 0.028909 0.040047 0.040458 0.039253 0.036943 0.02967 0.026193 0.021419 0.020191 0.022446 0.024221 0.022861 0.021899 0.02128 0.019986 0.020919 0.02433 0.021605 0.02123 0.022557 0.032588 0.029831 0.037237 0.040266 0.037853 0.03603 0.031471 0.028578 0.028439 0.029619 0.034595 0.033118 0.033499 0.031692 0.025817 0.026683 0.025732 0.027137 0.029321 0.029433 0.024943 0.022883 0.019924 0.017266 0.017345 0.019657 0.015619 0.021261 0.013653 0.018044 0.019517 0.021678 0.024729 0.025651 0.02704 0.017985 0.021313 0.02054 0.013501 0.007216 0.001757 1.0E-5 -0.003094 -0.005852 -0.006325 -0.008949 -0.005132 0.001889 0.003179 0.005179 0.009932 0.014762 0.014704 0.018628 0.014856 0.021438 0.020103 0.018513 0.019217 0.021851 0.018095 0.016206 0.012831 0.01783 0.020003 0.016851 0.016337 0.013169 0.005661 0.001456 -0.001918 0.003666 0.001294 0.00294 0.001623 0.00156 0.003747 0.001776 -6.03E-4 0.002289 -0.003499 -0.001504 
comment; null
comment vector; no vectors for these comment tokens
global vector; 0.173131 -0.527065 -0.266769 -0.203764 -0.166213 -0.141082 -0.094173 -0.069712 -0.094102 -0.039684 -0.022116 -0.039929 -0.034295 -0.075639 -0.092067 -0.10113 -0.080113 -0.055742 -0.105081 -0.111337 -0.144001 -0.139141 -0.04675 -0.004815 -0.029206 -0.058068 -0.060332 -0.081161 -0.082892 -0.111039 -0.091901 -0.060881 -0.07563 -0.049271 -0.050226 -0.061801 -0.097957 -0.084768 -0.067709 -0.03337 -0.021758 -0.034534 0.00121 -0.022112 -0.004452 -0.013411 -0.047331 -0.058081 -0.040119 -0.040728 -0.036982 -0.05004 -0.03431 -0.053648 -0.066183 -0.080517 -0.095805 -0.05642 -0.054578 -0.053743 -0.037275 -0.045773 -0.027159 -0.010289 -0.027253 -0.031677 -0.034063 -0.05374 -0.075664 -0.092712 -0.096659 -0.105829 -0.097483 -0.097539 -0.107591 -0.098255 -0.098588 -0.075918 -0.086296 -0.065323 -0.05948 -0.049474 -0.049434 -0.055076 -0.054954 -0.050005 -0.062043 -0.070731 -0.067161 -0.070136 -0.063742 -0.068018 -0.088924 -0.090396 -0.099762 -0.090293 -0.095012 -0.097113 -0.08411 -0.072898 -0.078883 -0.084925 -0.082945 -0.094175 -0.095528 -0.089949 -0.097057 -0.10684 -0.097204 -0.091111 -0.085086 -0.083508 -0.083849 -0.08127 -0.09079 -0.088858 -0.087538 -0.081066 -0.071724 -0.083798 -0.088007 -0.068302 -0.069532 -0.050733 -0.03149 -0.038211 -0.034405 -0.023686 -0.024672 -0.018181 -0.020872 -0.01972 -0.036744 -0.033446 -0.040476 -0.02622 -0.017653 -0.015372 -0.019734 -0.02665 -0.025489 -0.020598 -0.024575 -0.026314 -0.021612 -0.024235 -0.033098 -0.03437 -0.032058 -0.013137 -0.012009 -0.004132 0.001165 9.57E-4 -0.002939 -0.003883 0.002404 0.012185 0.007378 0.007874 0.010975 0.014998 0.024718 0.016076 0.014732 0.016721 0.018801 0.022775 0.029879 0.032431 0.049544 0.044707 0.038038 0.039756 0.042896 0.041519 0.03391 0.035378 0.042174 0.038916 0.031638 0.027759 0.027099 0.022725 0.027924 0.032354 0.030187 0.036102 0.035607 0.0341 0.039581 0.040921 0.039069 0.039371 0.039994 0.035307 0.030903 0.027945 0.028909 0.040047 0.040458 0.039253 0.036943 0.02967 0.026193 0.021419 0.020191 0.022446 0.024221 0.022861 0.021899 0.02128 0.019986 0.020919 0.02433 0.021605 0.02123 0.022557 0.032588 0.029831 0.037237 0.040266 0.037853 0.03603 0.031471 0.028578 0.028439 0.029619 0.034595 0.033118 0.033499 0.031692 0.025817 0.026683 0.025732 0.027137 0.029321 0.029433 0.024943 0.022883 0.019924 0.017266 0.017345 0.019657 0.015619 0.021261 0.013653 0.018044 0.019517 0.021678 0.024729 0.025651 0.02704 0.017985 0.021313 0.02054 0.013501 0.007216 0.001757 1.0E-5 -0.003094 -0.005852 -0.006325 -0.008949 -0.005132 0.001889 0.003179 0.005179 0.009932 0.014762 0.014704 0.018628 0.014856 0.021438 0.020103 0.018513 0.019217 0.021851 0.018095 0.016206 0.012831 0.01783 0.020003 0.016851 0.016337 0.013169 0.005661 0.001456 -0.001918 0.003666 0.001294 0.00294 0.001623 0.00156 0.003747 0.001776 -6.03E-4 0.002289 -0.003499 -0.001504 


conceptUri; http;//ebiquity.umbc.edu/v2.1/ontology/publication.owl#Person
label; person
label vector; 0.129945 -3.089736 -1.946759 2.291489 -0.608639 0.488897 -2.812158 0.871433 -0.378257 -1.867541 1.059586 0.408542 -4.048065 4.36943 0.444081 0.025242 2.323592 1.062831 -0.312856 0.151298 -0.092183 1.026532 0.991769 -0.505934 0.381126 -1.108277 -1.023584 1.407871 0.879703 -0.341323 -3.581531 -1.477684 1.379452 2.640754 -0.792318 -1.993684 -2.072531 -1.041817 -1.253954 1.582621 -1.382755 -0.406915 1.313991 2.836334 -4.198988 0.700828 -1.294673 2.11499 2.385861 -1.226149 0.142992 2.548204 -0.421688 2.891996 -1.361067 3.139622 0.868418 -2.710251 -0.625609 -1.669391 0.945975 2.146435 1.994833 -0.697038 -1.624606 -0.342312 -1.333276 -0.293659 2.011481 2.905594 -0.232373 1.25573 -0.778417 -0.675896 1.914785 -1.997117 0.484361 1.261147 1.360394 -0.401534 1.757643 -0.146063 3.316097 -3.581394 1.43988 -0.355716 0.791987 0.856792 -1.333205 1.503577 -2.003963 -0.018549 -1.929407 -0.965266 -1.030431 4.272445 0.618053 -2.358411 0.978408 0.34871 -1.79197 0.229859 -1.136644 -1.192525 0.750386 -0.849898 -0.590154 1.26976 -1.388772 0.511164 4.168506 0.34836 1.673098 -0.583887 1.400834 -0.229487 -0.523216 -1.159081 1.440803 -1.986854 1.427498 0.586543 0.154521 -0.119247 0.112361 1.162207 0.410305 1.336663 -0.600927 -0.606526 0.609046 -1.886805 1.580237 -1.64394 1.206154 0.210263 -0.691627 -1.228918 -0.462825 -1.971379 -1.981779 -2.44377 2.396021 1.852643 1.615781 -1.410949 -1.453441 1.609881 -1.014028 1.18138 -1.06155 2.541414 3.054163 0.290672 -2.668697 0.834298 -1.701326 -1.407532 -2.47255 1.096343 -1.6041 1.603098 -1.467126 -0.197034 -0.346732 0.395357 -0.919937 0.710703 1.796451 0.20035 -1.220113 2.468939 -0.313384 -3.259455 2.70371 0.547152 0.142301 -0.833959 -2.274053 0.053052 1.397429 0.835017 0.342168 -0.886025 -0.940948 0.933317 -2.077463 0.658117 -0.395682 -0.203314 0.77808 1.296408 -0.325018 -1.30244 -1.34993 0.844783 -1.484653 0.083736 -1.387383 -0.404327 1.942957 -1.562644 1.845365 -1.3945 0.201568 0.601545 2.038075 -0.073222 0.532406 3.574783 3.763223 -0.790181 1.807124 0.001992 1.082313 1.186235 4.021 -0.051249 -1.000136 3.166297 -1.742772 -0.937033 0.196142 1.917822 1.849247 -1.718892 -0.295707 -3.792789 2.72229 3.0907 1.085675 0.662241 -0.959298 -2.439323 -1.473881 0.542235 0.217697 -1.504125 -0.098289 1.866732 -0.98336 0.444655 -1.734188 -2.998935 -0.703925 -0.010378 -1.624716 -0.748123 0.565239 -5.101574 -0.599334 1.051093 3.058942 0.223647 0.610066 1.087826 -0.31508 -1.845148 -1.508342 -0.969045 -1.777338 -1.559444 4.311761 -1.159751 -1.351225 1.172333 4.308244 -1.098817 1.353258 2.732673 -0.186041 3.574509 -0.110219 3.589253 1.591382 2.048063 1.814192 0.150898 -1.581033 1.339738 -0.969853 0.453604 -0.282348 0.594915 -3.72422 0.904342 0.381629 -0.960729 1.561423 -4.263197 1.541197 -0.045954 2.496042 2.360733 -0.292294 -1.179803 0.601639 0.286556 1.555344 1.164611 
comment; null
comment vector; no vectors for these comment tokens
global vector; 0.129945 -3.089736 -1.946759 2.291489 -0.608639 0.488897 -2.812158 0.871433 -0.378257 -1.867541 1.059586 0.408542 -4.048065 4.36943 0.444081 0.025242 2.323592 1.062831 -0.312856 0.151298 -0.092183 1.026532 0.991769 -0.505934 0.381126 -1.108277 -1.023584 1.407871 0.879703 -0.341323 -3.581531 -1.477684 1.379452 2.640754 -0.792318 -1.993684 -2.072531 -1.041817 -1.253954 1.582621 -1.382755 -0.406915 1.313991 2.836334 -4.198988 0.700828 -1.294673 2.11499 2.385861 -1.226149 0.142992 2.548204 -0.421688 2.891996 -1.361067 3.139622 0.868418 -2.710251 -0.625609 -1.669391 0.945975 2.146435 1.994833 -0.697038 -1.624606 -0.342312 -1.333276 -0.293659 2.011481 2.905594 -0.232373 1.25573 -0.778417 -0.675896 1.914785 -1.997117 0.484361 1.261147 1.360394 -0.401534 1.757643 -0.146063 3.316097 -3.581394 1.43988 -0.355716 0.791987 0.856792 -1.333205 1.503577 -2.003963 -0.018549 -1.929407 -0.965266 -1.030431 4.272445 0.618053 -2.358411 0.978408 0.34871 -1.79197 0.229859 -1.136644 -1.192525 0.750386 -0.849898 -0.590154 1.26976 -1.388772 0.511164 4.168506 0.34836 1.673098 -0.583887 1.400834 -0.229487 -0.523216 -1.159081 1.440803 -1.986854 1.427498 0.586543 0.154521 -0.119247 0.112361 1.162207 0.410305 1.336663 -0.600927 -0.606526 0.609046 -1.886805 1.580237 -1.64394 1.206154 0.210263 -0.691627 -1.228918 -0.462825 -1.971379 -1.981779 -2.44377 2.396021 1.852643 1.615781 -1.410949 -1.453441 1.609881 -1.014028 1.18138 -1.06155 2.541414 3.054163 0.290672 -2.668697 0.834298 -1.701326 -1.407532 -2.47255 1.096343 -1.6041 1.603098 -1.467126 -0.197034 -0.346732 0.395357 -0.919937 0.710703 1.796451 0.20035 -1.220113 2.468939 -0.313384 -3.259455 2.70371 0.547152 0.142301 -0.833959 -2.274053 0.053052 1.397429 0.835017 0.342168 -0.886025 -0.940948 0.933317 -2.077463 0.658117 -0.395682 -0.203314 0.77808 1.296408 -0.325018 -1.30244 -1.34993 0.844783 -1.484653 0.083736 -1.387383 -0.404327 1.942957 -1.562644 1.845365 -1.3945 0.201568 0.601545 2.038075 -0.073222 0.532406 3.574783 3.763223 -0.790181 1.807124 0.001992 1.082313 1.186235 4.021 -0.051249 -1.000136 3.166297 -1.742772 -0.937033 0.196142 1.917822 1.849247 -1.718892 -0.295707 -3.792789 2.72229 3.0907 1.085675 0.662241 -0.959298 -2.439323 -1.473881 0.542235 0.217697 -1.504125 -0.098289 1.866732 -0.98336 0.444655 -1.734188 -2.998935 -0.703925 -0.010378 -1.624716 -0.748123 0.565239 -5.101574 -0.599334 1.051093 3.058942 0.223647 0.610066 1.087826 -0.31508 -1.845148 -1.508342 -0.969045 -1.777338 -1.559444 4.311761 -1.159751 -1.351225 1.172333 4.308244 -1.098817 1.353258 2.732673 -0.186041 3.574509 -0.110219 3.589253 1.591382 2.048063 1.814192 0.150898 -1.581033 1.339738 -0.969853 0.453604 -0.282348 0.594915 -3.72422 0.904342 0.381629 -0.960729 1.561423 -4.263197 1.541197 -0.045954 2.496042 2.360733 -0.292294 -1.179803 0.601639 0.286556 1.555344 1.164611 


